state,epidemiological_week_2020,first_day_epiweek_2020,deaths_covid19_2020,deaths_other_respiratory_2019,deaths_other_respiratory_2020,deaths_others_2019,deaths_others_2020,deaths_total_2019,deaths_total_2020,deaths_total_dif,new_deaths_covid19_2020,new_deaths_other_respiratory_2019,new_deaths_other_respiratory_2020,new_deaths_others_2019,new_deaths_others_2020,new_deaths_total_2019,new_deaths_total_2020,new_deaths_total_dif
AC,1,2020-01-01,0,8,10,22,32,30,42,12,0,8,10,22,32,30,42,12
AC,2,2020-01-05,0,22,36,60,77,82,113,31,0,14,26,38,45,52,71,19
AC,3,2020-01-12,0,46,58,101,129,147,187,40,0,24,22,41,52,65,74,9
AC,4,2020-01-19,0,60,79,146,183,206,262,56,0,14,21,45,54,59,75,16
AC,5,2020-01-26,0,86,94,186,239,272,333,61,0,26,15,40,56,66,71,5
AC,6,2020-02-02,0,109,113,226,299,335,412,77,0,23,19,40,60,63,79,16
AC,7,2020-02-09,0,127,137,272,365,399,502,103,0,18,24,46,66,64,90,26
AC,8,2020-02-16,0,146,155,323,409,469,564,95,0,19,18,51,44,70,62,-8
AC,9,2020-02-23,0,169,176,367,453,536,629,93,0,23,21,44,44,67,65,-2
AC,10,2020-03-01,0,182,197,413,511,595,708,113,0,13,21,46,58,59,79,20
AC,11,2020-03-08,0,212,228,459,552,671,780,109,0,30,31,46,41,76,72,-4
AC,12,2020-03-15,0,250,252,508,601,758,853,95,0,38,24,49,49,87,73,-14
AC,13,2020-03-22,0,274,274,541,642,815,916,101,0,24,22,33,41,57,63,6
AC,14,2020-03-29,0,300,291,582,682,882,973,91,0,26,17,41,40,67,57,-10
AC,15,2020-04-05,2,328,313,623,725,951,1040,89,2,28,22,41,43,69,67,-2
AC,16,2020-04-12,4,344,335,668,776,1012,1115,103,2,16,22,45,51,61,75,14
AC,17,2020-04-19,10,372,359,716,808,1088,1177,89,6,28,24,48,32,76,62,-14
AC,18,2020-04-26,26,398,375,766,868,1164,1269,105,16,26,16,50,60,76,92,16
AC,19,2020-05-03,43,410,399,812,911,1222,1353,131,17,12,24,46,43,58,84,26
AC,20,2020-05-10,62,430,418,863,953,1293,1433,140,19,20,19,51,42,71,80,9
AC,21,2020-05-17,97,447,447,895,1021,1342,1565,223,35,17,29,32,68,49,132,83
AC,22,2020-05-24,137,472,476,943,1079,1415,1692,277,40,25,29,48,58,73,127,54
AC,23,2020-05-31,193,492,495,980,1131,1472,1819,347,56,20,19,37,52,57,127,70
AC,24,2020-06-07,247,511,517,1021,1179,1532,1943,411,54,19,22,41,48,60,124,64
AC,25,2020-06-14,293,525,531,1056,1227,1581,2051,470,46,14,14,35,48,49,108,59
AC,26,2020-06-21,334,544,548,1104,1266,1648,2148,500,41,19,17,48,39,67,97,30
AC,27,2020-06-28,368,564,557,1148,1311,1712,2236,524,34,20,9,44,45,64,88,24
AC,28,2020-07-05,396,582,571,1192,1350,1774,2317,543,28,18,14,44,39,62,81,19
AC,29,2020-07-12,406,603,580,1233,1359,1836,2345,509,10,21,9,41,9,62,28,-34
AC,30,2020-07-19,406,618,580,1267,1359,1885,2345,460,0,15,0,34,0,49,0,-49
AC,31,2020-07-26,406,639,580,1301,1359,1940,2345,405,0,21,0,34,0,55,0,-55
AC,32,2020-08-02,406,654,580,1345,1359,1999,2345,346,0,15,0,44,0,59,0,-59
AC,33,2020-08-09,406,680,580,1380,1359,2060,2345,285,0,26,0,35,0,61,0,-61
AC,34,2020-08-16,406,699,580,1428,1359,2127,2345,218,0,19,0,48,0,67,0,-67
AC,35,2020-08-23,406,723,580,1481,1359,2204,2345,141,0,24,0,53,0,77,0,-77
AC,36,2020-08-30,406,738,580,1522,1359,2260,2345,85,0,15,0,41,0,56,0,-56
AC,37,2020-09-06,406,763,580,1584,1359,2347,2345,-2,0,25,0,62,0,87,0,-87
AC,38,2020-09-13,406,781,580,1624,1359,2405,2345,-60,0,18,0,40,0,58,0,-58
AC,39,2020-09-20,406,805,580,1672,1359,2477,2345,-132,0,24,0,48,0,72,0,-72
AC,40,2020-09-27,406,825,580,1713,1359,2538,2345,-193,0,20,0,41,0,61,0,-61
AC,41,2020-10-04,406,838,580,1756,1359,2594,2345,-249,0,13,0,43,0,56,0,-56
AC,42,2020-10-11,406,857,580,1794,1359,2651,2345,-306,0,19,0,38,0,57,0,-57
AC,43,2020-10-18,406,884,580,1844,1359,2728,2345,-383,0,27,0,50,0,77,0,-77
AC,44,2020-10-25,406,905,580,1890,1359,2795,2345,-450,0,21,0,46,0,67,0,-67
AC,45,2020-11-01,406,929,580,1943,1359,2872,2345,-527,0,24,0,53,0,77,0,-77
AC,46,2020-11-08,406,957,580,1983,1359,2940,2345,-595,0,28,0,40,0,68,0,-68
AC,47,2020-11-15,406,973,580,2029,1359,3002,2345,-657,0,16,0,46,0,62,0,-62
AC,48,2020-11-22,406,997,580,2074,1359,3071,2345,-726,0,24,0,45,0,69,0,-69
AC,49,2020-11-29,406,1015,580,2127,1359,3142,2345,-797,0,18,0,53,0,71,0,-71
AC,50,2020-12-06,406,1041,580,2177,1359,3218,2345,-873,0,26,0,50,0,76,0,-76
AC,51,2020-12-13,406,1063,580,2220,1359,3283,2345,-938,0,22,0,43,0,65,0,-65
AC,52,2020-12-20,406,1082,580,2268,1359,3350,2345,-1005,0,19,0,48,0,67,0,-67
AC,53,2020-12-27,406,1098,580,2306,1359,3404,2345,-1059,0,16,0,38,0,54,0,-54
AL,1,2020-01-02,0,0,0,1,2,1,2,1,0,0,0,1,2,1,2,1
AL,2,2020-01-05,0,1,1,7,6,8,7,-1,0,1,1,6,4,7,5,-2
AL,3,2020-01-12,0,2,2,15,18,17,20,3,0,1,1,8,12,9,13,4
AL,4,2020-01-19,0,3,2,17,22,20,24,4,0,1,0,2,4,3,4,1
AL,5,2020-01-27,0,3,2,25,27,28,29,1,0,0,0,8,5,8,5,-3
AL,6,2020-02-02,0,3,6,33,36,36,42,6,0,0,4,8,9,8,13,5
AL,7,2020-02-10,0,5,6,35,41,40,47,7,0,2,0,2,5,4,5,1
AL,8,2020-02-17,0,6,6,37,43,43,49,6,0,1,0,2,2,3,2,-1
AL,9,2020-02-26,0,6,7,38,45,44,52,8,0,0,1,1,2,1,3,2
AL,10,2020-03-01,0,11,7,48,51,59,58,-1,0,5,0,10,6,15,6,-9
AL,11,2020-03-08,0,11,8,54,54,65,62,-3,0,0,1,6,3,6,4,-2
AL,12,2020-03-18,0,11,8,55,58,66,66,0,0,0,0,1,4,1,4,3
AL,13,2020-03-22,0,11,10,60,62,71,72,1,0,0,2,5,4,5,6,1
AL,14,2020-03-29,0,11,11,69,70,80,81,1,0,0,1,9,8,9,9,0
AL,15,2020-04-05,0,11,12,70,76,81,88,7,0,0,1,1,6,1,7,6
AL,16,2020-04-14,0,11,12,73,81,84,93,9,0,0,0,3,5,3,5,2
AL,17,2020-04-19,0,16,13,85,93,101,106,5,0,5,1,12,12,17,13,-4
AL,18,2020-04-26,0,17,15,92,96,109,111,2,0,1,2,7,3,8,5,-3
AL,19,2020-05-05,0,17,16,96,100,113,116,3,0,0,1,4,4,4,5,1
AL,20,2020-05-10,2,17,23,102,106,119,131,12,2,0,7,6,6,6,15,9
AL,21,2020-05-17,3,19,23,117,108,136,134,-2,1,2,0,15,2,17,3,-14
AL,22,2020-05-26,5,19,23,121,113,140,141,1,2,0,0,4,5,4,7,3
AL,23,2020-05-31,7,20,24,123,114,143,145,2,2,1,1,2,1,3,4,1
AL,24,2020-06-07,9,21,25,130,121,151,155,4,2,1,1,7,7,8,10,2
AL,25,2020-06-14,9,21,26,135,123,156,158,2,0,0,1,5,2,5,3,-2
AL,26,2020-06-22,9,21,26,136,124,157,159,2,0,0,0,1,1,1,1,0
AL,27,2020-06-29,9,23,29,140,130,163,168,5,0,2,3,4,6,6,9,3
AL,28,2020-07-05,10,23,29,144,132,167,171,4,1,0,0,4,2,4,3,-1
AL,29,2020-07-12,11,24,29,150,133,174,173,-1,1,1,0,6,1,7,2,-5
AL,30,2020-07-20,11,24,29,152,133,176,173,-3,0,0,0,2,0,2,0,-2
AL,31,2020-07-26,11,24,29,160,133,184,173,-11,0,0,0,8,0,8,0,-8
AL,32,2020-08-05,11,25,29,163,133,188,173,-15,0,1,0,3,0,4,0,-4
AL,33,2020-08-09,11,26,29,170,133,196,173,-23,0,1,0,7,0,8,0,-8
AL,34,2020-08-16,11,26,29,177,133,203,173,-30,0,0,0,7,0,7,0,-7
AL,35,2020-08-23,11,27,29,185,133,212,173,-39,0,1,0,8,0,9,0,-9
AL,36,2020-09-01,11,27,29,188,133,215,173,-42,0,0,0,3,0,3,0,-3
AL,37,2020-09-08,11,27,29,190,133,217,173,-44,0,0,0,2,0,2,0,-2
AL,38,2020-09-13,11,27,29,201,133,228,173,-55,0,0,0,11,0,11,0,-11
AL,39,2020-09-20,11,30,29,207,133,237,173,-64,0,3,0,6,0,9,0,-9
AL,40,2020-09-27,11,31,29,213,133,244,173,-71,0,1,0,6,0,7,0,-7
AL,41,2020-10-10,11,31,29,214,133,245,173,-72,0,0,0,1,0,1,0,-1
AL,42,2020-10-11,11,32,29,222,133,254,173,-81,0,1,0,8,0,9,0,-9
AL,43,2020-10-19,11,32,29,224,133,256,173,-83,0,0,0,2,0,2,0,-2
AL,44,2020-10-26,11,32,29,228,133,260,173,-87,0,0,0,4,0,4,0,-4
AL,45,2020-11-01,11,34,29,235,133,269,173,-96,0,2,0,7,0,9,0,-9
AL,46,2020-11-12,11,34,29,238,133,272,173,-99,0,0,0,3,0,3,0,-3
AL,47,2020-11-20,11,34,29,241,133,275,173,-102,0,0,0,3,0,3,0,-3
AL,48,2020-11-22,11,35,29,248,133,283,173,-110,0,1,0,7,0,8,0,-8
AL,49,2020-11-29,11,37,29,251,133,288,173,-115,0,2,0,3,0,5,0,-5
AL,50,2020-12-08,11,38,29,254,133,292,173,-119,0,1,0,3,0,4,0,-4
AL,51,2020-12-16,11,38,29,257,133,295,173,-122,0,0,0,3,0,3,0,-3
AL,52,2020-12-20,11,38,29,267,133,305,173,-132,0,0,0,10,0,10,0,-10
AL,53,2020-12-27,11,38,29,268,133,306,173,-133,0,0,0,1,0,1,0,-1
AM,1,2020-01-01,0,7,2,18,13,25,15,-10,0,7,2,18,13,25,15,-10
AM,2,2020-01-05,0,12,9,49,34,61,43,-18,0,5,7,31,21,36,28,-8
AM,3,2020-01-12,0,12,17,65,61,77,78,1,0,0,8,16,27,16,35,19
AM,4,2020-01-19,0,14,26,85,82,99,108,9,0,2,9,20,21,22,30,8
AM,5,2020-01-26,0,16,30,99,111,115,141,26,0,2,4,14,29,16,33,17
AM,6,2020-02-02,0,22,41,109,142,131,183,52,0,6,11,10,31,16,42,26
AM,7,2020-02-09,0,30,48,130,169,160,217,57,0,8,7,21,27,29,34,5
AM,8,2020-02-16,0,32,54,154,194,186,248,62,0,2,6,24,25,26,31,5
AM,9,2020-02-23,0,37,58,177,219,214,277,63,0,5,4,23,25,28,29,1
AM,10,2020-03-01,0,47,63,197,242,244,305,61,0,10,5,20,23,30,28,-2
AM,11,2020-03-08,0,55,72,221,270,276,342,66,0,8,9,24,28,32,37,5
AM,12,2020-03-15,0,61,77,243,297,304,374,70,0,6,5,22,27,28,32,4
AM,13,2020-03-22,0,64,84,276,318,340,402,62,0,3,7,33,21,36,28,-8
AM,14,2020-03-29,0,71,90,298,333,369,423,54,0,7,6,22,15,29,21,-8
AM,15,2020-04-05,1,77,96,329,361,406,458,52,1,6,6,31,28,37,35,-2
AM,16,2020-04-12,6,85,99,358,387,443,492,49,5,8,3,29,26,37,34,-3
AM,17,2020-04-19,13,93,112,381,422,474,547,73,7,8,13,23,35,31,55,24
AM,18,2020-04-26,33,96,124,406,465,502,622,120,20,3,12,25,43,28,75,47
AM,19,2020-05-03,57,102,133,430,502,532,692,160,24,6,9,24,37,30,70,40
AM,20,2020-05-10,89,111,150,446,531,557,770,213,32,9,17,16,29,25,78,53
AM,21,2020-05-17,113,121,159,469,567,590,839,249,24,10,9,23,36,33,69,36
AM,22,2020-05-24,152,128,164,499,595,627,911,284,39,7,5,30,28,37,72,35
AM,23,2020-05-31,164,134,173,518,624,652,961,309,12,6,9,19,29,25,50,25
AM,24,2020-06-07,181,140,183,538,650,678,1014,336,17,6,10,20,26,26,53,27
AM,25,2020-06-14,188,147,187,568,674,715,1049,334,7,7,4,30,24,37,35,-2
AM,26,2020-06-21,203,159,192,595,699,754,1094,340,15,12,5,27,25,39,45,6
AM,27,2020-06-28,212,162,195,621,720,783,1127,344,9,3,3,26,21,29,33,4
AM,28,2020-07-05,217,167,195,653,730,820,1142,322,5,5,0,32,10,37,15,-22
AM,29,2020-07-12,218,172,196,677,732,849,1146,297,1,5,1,24,2,29,4,-25
AM,30,2020-07-19,218,175,196,702,732,877,1146,269,0,3,0,25,0,28,0,-28
AM,31,2020-07-26,218,179,196,731,732,910,1146,236,0,4,0,29,0,33,0,-33
AM,32,2020-08-02,218,184,196,755,732,939,1146,207,0,5,0,24,0,29,0,-29
AM,33,2020-08-09,218,191,196,778,732,969,1146,177,0,7,0,23,0,30,0,-30
AM,34,2020-08-16,218,197,196,799,732,996,1146,150,0,6,0,21,0,27,0,-27
AM,35,2020-08-23,218,203,196,825,732,1028,1146,118,0,6,0,26,0,32,0,-32
AM,36,2020-08-30,218,211,196,841,732,1052,1146,94,0,8,0,16,0,24,0,-24
AM,37,2020-09-06,218,214,196,864,732,1078,1146,68,0,3,0,23,0,26,0,-26
AM,38,2020-09-13,218,221,196,886,732,1107,1146,39,0,7,0,22,0,29,0,-29
AM,39,2020-09-20,218,224,196,908,732,1132,1146,14,0,3,0,22,0,25,0,-25
AM,40,2020-09-27,218,232,196,928,732,1160,1146,-14,0,8,0,20,0,28,0,-28
AM,41,2020-10-04,218,237,196,943,732,1180,1146,-34,0,5,0,15,0,20,0,-20
AM,42,2020-10-11,218,244,196,959,732,1203,1146,-57,0,7,0,16,0,23,0,-23
AM,43,2020-10-18,218,249,196,981,732,1230,1146,-84,0,5,0,22,0,27,0,-27
AM,44,2020-10-25,218,254,196,1007,732,1261,1146,-115,0,5,0,26,0,31,0,-31
AM,45,2020-11-01,218,258,196,1033,732,1291,1146,-145,0,4,0,26,0,30,0,-30
AM,46,2020-11-08,218,263,196,1051,732,1314,1146,-168,0,5,0,18,0,23,0,-23
AM,47,2020-11-15,218,271,196,1071,732,1342,1146,-196,0,8,0,20,0,28,0,-28
AM,48,2020-11-22,218,277,196,1089,732,1366,1146,-220,0,6,0,18,0,24,0,-24
AM,49,2020-11-29,218,284,196,1112,732,1396,1146,-250,0,7,0,23,0,30,0,-30
AM,50,2020-12-06,218,290,196,1129,732,1419,1146,-273,0,6,0,17,0,23,0,-23
AM,51,2020-12-13,218,295,196,1145,732,1440,1146,-294,0,5,0,16,0,21,0,-21
AM,52,2020-12-20,218,300,196,1175,732,1475,1146,-329,0,5,0,30,0,35,0,-35
AM,53,2020-12-27,218,303,196,1194,732,1497,1146,-351,0,3,0,19,0,22,0,-22
AP,1,2020-01-01,0,1,4,9,11,10,15,5,0,1,4,9,11,10,15,5
AP,2,2020-01-05,0,3,10,23,28,26,38,12,0,2,6,14,17,16,23,7
AP,3,2020-01-12,0,5,13,39,41,44,54,10,0,2,3,16,13,18,16,-2
AP,4,2020-01-19,0,8,22,62,55,70,77,7,0,3,9,23,14,26,23,-3
AP,5,2020-01-26,0,13,25,72,73,85,98,13,0,5,3,10,18,15,21,6
AP,6,2020-02-02,0,21,29,78,90,99,119,20,0,8,4,6,17,14,21,7
AP,7,2020-02-09,0,32,38,88,101,120,139,19,0,11,9,10,11,21,20,-1
AP,8,2020-02-16,0,39,43,98,117,137,160,23,0,7,5,10,16,17,21,4
AP,9,2020-02-23,0,43,50,110,130,153,180,27,0,4,7,12,13,16,20,4
AP,10,2020-03-01,0,53,54,125,141,178,195,17,0,10,4,15,11,25,15,-10
AP,11,2020-03-08,0,57,54,141,152,198,206,8,0,4,0,16,11,20,11,-9
AP,12,2020-03-15,0,67,57,161,158,228,215,-13,0,10,3,20,6,30,9,-21
AP,13,2020-03-22,0,77,63,184,162,261,225,-36,0,10,6,23,4,33,10,-23
AP,14,2020-03-29,0,84,65,202,172,286,237,-49,0,7,2,18,10,25,12,-13
AP,15,2020-04-05,0,94,75,221,187,315,262,-53,0,10,10,19,15,29,25,-4
AP,16,2020-04-12,2,101,79,239,198,340,279,-61,2,7,4,18,11,25,17,-8
AP,17,2020-04-19,5,113,84,250,208,363,297,-66,3,12,5,11,10,23,18,-5
AP,18,2020-04-26,21,118,97,271,219,389,337,-52,16,5,13,21,11,26,40,14
AP,19,2020-05-03,47,122,105,280,230,402,382,-20,26,4,8,9,11,13,45,32
AP,20,2020-05-10,81,133,117,306,241,439,439,0,34,11,12,26,11,37,57,20
AP,21,2020-05-17,113,141,124,333,261,474,498,24,32,8,7,27,20,35,59,24
AP,22,2020-05-24,150,146,130,354,272,500,552,52,37,5,6,21,11,26,54,28
AP,23,2020-05-31,181,152,134,373,280,525,595,70,31,6,4,19,8,25,43,18
AP,24,2020-06-07,197,160,138,389,291,549,626,77,16,8,4,16,11,24,31,7
AP,25,2020-06-14,212,168,144,410,302,578,658,80,15,8,6,21,11,29,32,3
AP,26,2020-06-21,216,174,149,425,307,599,672,73,4,6,5,15,5,21,14,-7
AP,27,2020-06-28,219,179,149,440,316,619,684,65,3,5,0,15,9,20,12,-8
AP,28,2020-07-05,220,188,149,457,320,645,689,44,1,9,0,17,4,26,5,-21
AP,29,2020-07-12,220,195,149,477,320,672,689,17,0,7,0,20,0,27,0,-27
AP,30,2020-07-19,220,200,149,492,320,692,689,-3,0,5,0,15,0,20,0,-20
AP,31,2020-07-26,220,206,149,501,320,707,689,-18,0,6,0,9,0,15,0,-15
AP,32,2020-08-02,220,211,149,518,320,729,689,-40,0,5,0,17,0,22,0,-22
AP,33,2020-08-09,220,216,149,537,320,753,689,-64,0,5,0,19,0,24,0,-24
AP,34,2020-08-16,220,219,149,546,320,765,689,-76,0,3,0,9,0,12,0,-12
AP,35,2020-08-23,220,227,149,566,320,793,689,-104,0,8,0,20,0,28,0,-28
AP,36,2020-08-30,220,233,149,582,320,815,689,-126,0,6,0,16,0,22,0,-22
AP,37,2020-09-07,220,240,149,594,320,834,689,-145,0,7,0,12,0,19,0,-19
AP,38,2020-09-13,220,243,149,607,320,850,689,-161,0,3,0,13,0,16,0,-16
AP,39,2020-09-20,220,252,149,623,320,875,689,-186,0,9,0,16,0,25,0,-25
AP,40,2020-09-27,220,258,149,635,320,893,689,-204,0,6,0,12,0,18,0,-18
AP,41,2020-10-04,220,262,149,656,320,918,689,-229,0,4,0,21,0,25,0,-25
AP,42,2020-10-11,220,272,149,661,320,933,689,-244,0,10,0,5,0,15,0,-15
AP,43,2020-10-18,220,277,149,678,320,955,689,-266,0,5,0,17,0,22,0,-22
AP,44,2020-10-25,220,281,149,692,320,973,689,-284,0,4,0,14,0,18,0,-18
AP,45,2020-11-01,220,289,149,704,320,993,689,-304,0,8,0,12,0,20,0,-20
AP,46,2020-11-08,220,293,149,720,320,1013,689,-324,0,4,0,16,0,20,0,-20
AP,47,2020-11-16,220,297,149,731,320,1028,689,-339,0,4,0,11,0,15,0,-15
AP,48,2020-11-22,220,307,149,741,320,1048,689,-359,0,10,0,10,0,20,0,-20
AP,49,2020-11-29,220,316,149,752,320,1068,689,-379,0,9,0,11,0,20,0,-20
AP,50,2020-12-06,220,318,149,768,320,1086,689,-397,0,2,0,16,0,18,0,-18
AP,51,2020-12-13,220,327,149,783,320,1110,689,-421,0,9,0,15,0,24,0,-24
AP,52,2020-12-20,220,340,149,795,320,1135,689,-446,0,13,0,12,0,25,0,-25
AP,53,2020-12-27,220,348,149,799,320,1147,689,-458,0,8,0,4,0,12,0,-12
BA,1,2020-01-01,0,123,109,392,428,515,537,22,0,123,109,392,428,515,537,22
BA,2,2020-01-05,0,319,332,1070,1162,1389,1494,105,0,196,223,678,734,874,957,83
BA,3,2020-01-12,0,519,546,1791,1930,2310,2476,166,0,200,214,721,768,921,982,61
BA,4,2020-01-19,0,714,743,2504,2668,3218,3411,193,0,195,197,713,738,908,935,27
BA,5,2020-01-26,0,918,944,3162,3360,4080,4304,224,0,204,201,658,692,862,893,31
BA,6,2020-02-02,0,1121,1151,3935,4118,5056,5269,213,0,203,207,773,758,976,965,-11
BA,7,2020-02-09,0,1359,1355,4688,4817,6047,6172,125,0,238,204,753,699,991,903,-88
BA,8,2020-02-16,0,1563,1552,5419,5573,6982,7125,143,0,204,197,731,756,935,953,18
BA,9,2020-02-23,0,1732,1793,6033,6336,7765,8129,364,0,169,241,614,763,783,1004,221
BA,10,2020-03-01,0,1915,2026,6755,7122,8670,9148,478,0,183,233,722,786,905,1019,114
BA,11,2020-03-08,0,2101,2237,7456,7804,9557,10041,484,0,186,211,701,682,887,893,6
BA,12,2020-03-15,1,2311,2465,8190,8540,10501,11006,505,1,210,228,734,736,944,965,21
BA,13,2020-03-22,5,2515,2703,8927,9287,11442,11995,553,4,204,238,737,747,941,989,48
BA,14,2020-03-29,8,2717,2919,9639,10070,12356,12997,641,3,202,216,712,783,914,1002,88
BA,15,2020-04-05,15,2898,3121,10347,10847,13245,13983,738,7,181,202,708,777,889,986,97
BA,16,2020-04-12,28,3098,3338,11053,11600,14151,14966,815,13,200,217,706,753,906,983,77
BA,17,2020-04-19,60,3315,3542,11795,12378,15110,15980,870,32,217,204,742,778,959,1014,55
BA,18,2020-04-26,102,3516,3712,12519,13202,16035,17016,981,42,201,170,724,824,925,1036,111
BA,19,2020-05-03,173,3742,3933,13205,13993,16947,18099,1152,71,226,221,686,791,912,1083,171
BA,20,2020-05-10,277,3950,4107,13974,14769,17924,19153,1229,104,208,174,769,776,977,1054,77
BA,21,2020-05-17,422,4212,4329,14720,15536,18932,20287,1355,145,262,222,746,767,1008,1134,126
BA,22,2020-05-24,609,4472,4535,15456,16244,19928,21388,1460,187,260,206,736,708,996,1101,105
BA,23,2020-05-31,826,4710,4728,16249,17072,20959,22626,1667,217,238,193,793,828,1031,1238,207
BA,24,2020-06-07,1057,4983,4920,17051,17868,22034,23845,1811,231,273,192,802,796,1075,1219,144
BA,25,2020-06-14,1315,5230,5100,17847,18627,23077,25042,1965,258,247,180,796,759,1043,1197,154
BA,26,2020-06-21,1552,5480,5290,18723,19413,24203,26255,2052,237,250,190,876,786,1126,1213,87
BA,27,2020-06-28,1792,5698,5473,19535,20066,25233,27331,2098,240,218,183,812,653,1030,1076,46
BA,28,2020-07-05,1972,5958,5609,20395,20562,26353,28143,1790,180,260,136,860,496,1120,812,-308
BA,29,2020-07-12,2034,6212,5635,21226,20694,27438,28363,925,62,254,26,831,132,1085,220,-865
BA,30,2020-07-19,2034,6473,5635,22094,20694,28567,28363,-204,0,261,0,868,0,1129,0,-1129
BA,31,2020-07-26,2034,6708,5635,22928,20694,29636,28363,-1273,0,235,0,834,0,1069,0,-1069
BA,32,2020-08-02,2034,6953,5635,23783,20694,30736,28363,-2373,0,245,0,855,0,1100,0,-1100
BA,33,2020-08-09,2034,7148,5635,24563,20694,31711,28363,-3348,0,195,0,780,0,975,0,-975
BA,34,2020-08-16,2034,7388,5635,25385,20694,32773,28363,-4410,0,240,0,822,0,1062,0,-1062
BA,35,2020-08-23,2034,7607,5635,26097,20694,33704,28363,-5341,0,219,0,712,0,931,0,-931
BA,36,2020-08-30,2034,7835,5635,26860,20694,34695,28363,-6332,0,228,0,763,0,991,0,-991
BA,37,2020-09-06,2034,8045,5635,27609,20694,35654,28363,-7291,0,210,0,749,0,959,0,-959
BA,38,2020-09-13,2034,8276,5635,28398,20694,36674,28363,-8311,0,231,0,789,0,1020,0,-1020
BA,39,2020-09-20,2034,8490,5635,29171,20694,37661,28363,-9298,0,214,0,773,0,987,0,-987
BA,40,2020-09-27,2034,8747,5635,29955,20694,38702,28363,-10339,0,257,0,784,0,1041,0,-1041
BA,41,2020-10-04,2034,8981,5635,30733,20694,39714,28363,-11351,0,234,0,778,0,1012,0,-1012
BA,42,2020-10-11,2034,9197,5635,31548,20694,40745,28363,-12382,0,216,0,815,0,1031,0,-1031
BA,43,2020-10-18,2034,9430,5635,32350,20694,41780,28363,-13417,0,233,0,802,0,1035,0,-1035
BA,44,2020-10-25,2034,9615,5635,33127,20694,42742,28363,-14379,0,185,0,777,0,962,0,-962
BA,45,2020-11-01,2034,9841,5635,33827,20694,43668,28363,-15305,0,226,0,700,0,926,0,-926
BA,46,2020-11-08,2034,10049,5635,34573,20694,44622,28363,-16259,0,208,0,746,0,954,0,-954
BA,47,2020-11-15,2034,10279,5635,35293,20694,45572,28363,-17209,0,230,0,720,0,950,0,-950
BA,48,2020-11-22,2034,10514,5635,36063,20694,46577,28363,-18214,0,235,0,770,0,1005,0,-1005
BA,49,2020-11-29,2034,10749,5635,36804,20694,47553,28363,-19190,0,235,0,741,0,976,0,-976
BA,50,2020-12-06,2034,10970,5635,37529,20694,48499,28363,-20136,0,221,0,725,0,946,0,-946
BA,51,2020-12-13,2034,11155,5635,38264,20694,49419,28363,-21056,0,185,0,735,0,920,0,-920
BA,52,2020-12-20,2034,11390,5635,38989,20694,50379,28363,-22016,0,235,0,725,0,960,0,-960
BA,53,2020-12-27,2034,11547,5635,39511,20694,51058,28363,-22695,0,157,0,522,0,679,0,-679
CE,1,2020-01-01,0,42,34,206,156,248,190,-58,0,42,34,206,156,248,190,-58
CE,2,2020-01-05,0,123,82,526,402,649,484,-165,0,81,48,320,246,401,294,-107
CE,3,2020-01-12,0,196,120,796,639,992,759,-233,0,73,38,270,237,343,275,-68
CE,4,2020-01-19,0,297,165,1131,871,1428,1036,-392,0,101,45,335,232,436,277,-159
CE,5,2020-01-26,0,398,208,1458,1137,1856,1345,-511,0,101,43,327,266,428,309,-119
CE,6,2020-02-02,0,489,252,1753,1382,2242,1634,-608,0,91,44,295,245,386,289,-97
CE,7,2020-02-09,0,584,306,2076,1660,2660,1966,-694,0,95,54,323,278,418,332,-86
CE,8,2020-02-16,0,708,348,2363,1912,3071,2260,-811,0,124,42,287,252,411,294,-117
CE,9,2020-02-23,0,796,417,2635,2218,3431,2635,-796,0,88,69,272,306,360,375,15
CE,10,2020-03-01,0,915,478,2998,2503,3913,2981,-932,0,119,61,363,285,482,346,-136
CE,11,2020-03-08,0,1032,539,3351,2780,4383,3319,-1064,0,117,61,353,277,470,338,-132
CE,12,2020-03-15,0,1157,600,3673,3061,4830,3661,-1169,0,125,61,322,281,447,342,-105
CE,13,2020-03-22,4,1289,675,3991,3377,5280,4056,-1224,4,132,75,318,316,450,395,-55
CE,14,2020-03-29,12,1436,739,4330,3678,5766,4429,-1337,8,147,64,339,301,486,373,-113
CE,15,2020-04-05,25,1578,805,4663,3974,6241,4804,-1437,13,142,66,333,296,475,375,-100
CE,16,2020-04-12,31,1695,871,5026,4264,6721,5166,-1555,6,117,66,363,290,480,362,-118
CE,17,2020-04-19,57,1874,941,5391,4602,7265,5600,-1665,26,179,70,365,338,544,434,-110
CE,18,2020-04-26,100,2032,1005,5783,4960,7815,6065,-1750,43,158,64,392,358,550,465,-85
CE,19,2020-05-03,173,2179,1080,6133,5328,8312,6581,-1731,73,147,75,350,368,497,516,19
CE,20,2020-05-10,277,2303,1159,6516,5683,8819,7119,-1700,104,124,79,383,355,507,538,31
CE,21,2020-05-17,407,2438,1236,6872,6045,9310,7688,-1622,130,135,77,356,362,491,569,78
CE,22,2020-05-24,524,2559,1292,7204,6391,9763,8207,-1556,117,121,56,332,346,453,519,66
CE,23,2020-05-31,664,2666,1365,7576,6711,10242,8740,-1502,140,107,73,372,320,479,533,54
CE,24,2020-06-07,772,2770,1434,7923,7000,10693,9206,-1487,108,104,69,347,289,451,466,15
CE,25,2020-06-14,863,2864,1489,8217,7291,11081,9643,-1438,91,94,55,294,291,388,437,49
CE,26,2020-06-21,956,2976,1542,8526,7566,11502,10064,-1438,93,112,53,309,275,421,421,0
CE,27,2020-06-28,1054,3109,1598,8876,7778,11985,10430,-1555,98,133,56,350,212,483,366,-117
CE,28,2020-07-05,1126,3237,1633,9207,7885,12444,10644,-1800,72,128,35,331,107,459,214,-245
CE,29,2020-07-12,1135,3347,1639,9515,7907,12862,10681,-2181,9,110,6,308,22,418,37,-381
CE,30,2020-07-19,1135,3488,1639,9873,7907,13361,10681,-2680,0,141,0,358,0,499,0,-499
CE,31,2020-07-26,1135,3593,1639,10256,7907,13849,10681,-3168,0,105,0,383,0,488,0,-488
CE,32,2020-08-02,1135,3710,1639,10568,7907,14278,10681,-3597,0,117,0,312,0,429,0,-429
CE,33,2020-08-09,1135,3808,1639,10886,7907,14694,10681,-4013,0,98,0,318,0,416,0,-416
CE,34,2020-08-16,1135,3859,1639,11114,7907,14973,10681,-4292,0,51,0,228,0,279,0,-279
CE,35,2020-08-23,1135,3968,1639,11412,7907,15380,10681,-4699,0,109,0,298,0,407,0,-407
CE,36,2020-08-30,1135,4073,1639,11763,7907,15836,10681,-5155,0,105,0,351,0,456,0,-456
CE,37,2020-09-06,1135,4137,1639,12011,7907,16148,10681,-5467,0,64,0,248,0,312,0,-312
CE,38,2020-09-13,1135,4190,1639,12255,7907,16445,10681,-5764,0,53,0,244,0,297,0,-297
CE,39,2020-09-20,1135,4238,1639,12490,7907,16728,10681,-6047,0,48,0,235,0,283,0,-283
CE,40,2020-09-27,1135,4286,1639,12726,7907,17012,10681,-6331,0,48,0,236,0,284,0,-284
CE,41,2020-10-04,1135,4335,1639,12978,7907,17313,10681,-6632,0,49,0,252,0,301,0,-301
CE,42,2020-10-11,1135,4379,1639,13236,7907,17615,10681,-6934,0,44,0,258,0,302,0,-302
CE,43,2020-10-18,1135,4429,1639,13474,7907,17903,10681,-7222,0,50,0,238,0,288,0,-288
CE,44,2020-10-25,1135,4470,1639,13712,7907,18182,10681,-7501,0,41,0,238,0,279,0,-279
CE,45,2020-11-01,1135,4510,1639,13967,7907,18477,10681,-7796,0,40,0,255,0,295,0,-295
CE,46,2020-11-08,1135,4562,1639,14200,7907,18762,10681,-8081,0,52,0,233,0,285,0,-285
CE,47,2020-11-15,1135,4608,1639,14461,7907,19069,10681,-8388,0,46,0,261,0,307,0,-307
CE,48,2020-11-22,1135,4656,1639,14725,7907,19381,10681,-8700,0,48,0,264,0,312,0,-312
CE,49,2020-11-29,1135,4713,1639,14981,7907,19694,10681,-9013,0,57,0,256,0,313,0,-313
CE,50,2020-12-06,1135,4755,1639,15226,7907,19981,10681,-9300,0,42,0,245,0,287,0,-287
CE,51,2020-12-13,1135,4806,1639,15487,7907,20293,10681,-9612,0,51,0,261,0,312,0,-312
CE,52,2020-12-20,1135,4865,1639,15742,7907,20607,10681,-9926,0,59,0,255,0,314,0,-314
CE,53,2020-12-27,1135,4913,1639,15932,7907,20845,10681,-10164,0,48,0,190,0,238,0,-238
DF,1,2020-01-01,0,36,47,85,71,121,118,-3,0,36,47,85,71,121,118,-3
DF,2,2020-01-05,0,108,123,214,200,322,323,1,0,72,76,129,129,201,205,4
DF,3,2020-01-12,0,169,186,347,332,516,518,2,0,61,63,133,132,194,195,1
DF,4,2020-01-19,0,231,254,471,492,702,746,44,0,62,68,124,160,186,228,42
DF,5,2020-01-26,0,285,324,572,639,857,963,106,0,54,70,101,147,155,217,62
DF,6,2020-02-02,0,334,384,699,785,1033,1169,136,0,49,60,127,146,176,206,30
DF,7,2020-02-09,0,393,441,824,919,1217,1360,143,0,59,57,125,134,184,191,7
DF,8,2020-02-16,0,441,509,948,1045,1389,1554,165,0,48,68,124,126,172,194,22
DF,9,2020-02-23,0,477,573,1044,1199,1521,1772,251,0,36,64,96,154,132,218,86
DF,10,2020-03-01,0,551,640,1170,1343,1721,1983,262,0,74,67,126,144,200,211,11
DF,11,2020-03-08,0,605,712,1301,1503,1906,2215,309,0,54,72,131,160,185,232,47
DF,12,2020-03-15,0,670,797,1428,1644,2098,2441,343,0,65,85,127,141,192,226,34
DF,13,2020-03-22,5,721,891,1553,1762,2274,2658,384,5,51,94,125,118,176,217,41
DF,14,2020-03-29,22,786,978,1680,1917,2466,2917,451,17,65,87,127,155,192,259,67
DF,15,2020-04-05,29,848,1058,1791,2070,2639,3157,518,7,62,80,111,153,173,240,67
DF,16,2020-04-12,43,909,1127,1896,2188,2805,3358,553,14,61,69,105,118,166,201,35
DF,17,2020-04-19,51,974,1180,2018,2326,2992,3557,565,8,65,53,122,138,187,199,12
DF,18,2020-04-26,65,1048,1239,2167,2480,3215,3784,569,14,74,59,149,154,223,227,4
DF,19,2020-05-03,79,1120,1304,2274,2642,3394,4025,631,14,72,65,107,162,179,241,62
DF,20,2020-05-10,104,1197,1373,2423,2813,3620,4290,670,25,77,69,149,171,226,265,39
DF,21,2020-05-17,156,1272,1449,2539,2961,3811,4566,755,52,75,76,116,148,191,276,85
DF,22,2020-05-24,237,1342,1512,2673,3123,4015,4872,857,81,70,63,134,162,204,306,102
DF,23,2020-05-31,331,1420,1584,2787,3300,4207,5215,1008,94,78,72,114,177,192,343,151
DF,24,2020-06-07,438,1507,1650,2923,3487,4430,5575,1145,107,87,66,136,187,223,360,137
DF,25,2020-06-14,570,1593,1729,3086,3658,4679,5957,1278,132,86,79,163,171,249,382,133
DF,26,2020-06-21,690,1670,1815,3204,3812,4874,6317,1443,120,77,86,118,154,195,360,165
DF,27,2020-06-28,858,1751,1891,3342,3953,5093,6702,1609,168,81,76,138,141,219,385,166
DF,28,2020-07-05,1015,1826,1950,3475,4137,5301,7102,1801,157,75,59,133,184,208,400,192
DF,29,2020-07-12,1073,1889,1973,3628,4195,5517,7241,1724,58,63,23,153,58,216,139,-77
DF,30,2020-07-19,1073,1943,1973,3806,4195,5749,7241,1492,0,54,0,178,0,232,0,-232
DF,31,2020-07-26,1073,2006,1973,3933,4195,5939,7241,1302,0,63,0,127,0,190,0,-190
DF,32,2020-08-02,1073,2081,1973,4076,4195,6157,7241,1084,0,75,0,143,0,218,0,-218
DF,33,2020-08-09,1073,2145,1973,4219,4195,6364,7241,877,0,64,0,143,0,207,0,-207
DF,34,2020-08-16,1073,2229,1973,4379,4195,6608,7241,633,0,84,0,160,0,244,0,-244
DF,35,2020-08-23,1073,2299,1973,4515,4195,6814,7241,427,0,70,0,136,0,206,0,-206
DF,36,2020-08-30,1073,2381,1973,4643,4195,7024,7241,217,0,82,0,128,0,210,0,-210
DF,37,2020-09-06,1073,2450,1973,4799,4195,7249,7241,-8,0,69,0,156,0,225,0,-225
DF,38,2020-09-13,1073,2522,1973,4935,4195,7457,7241,-216,0,72,0,136,0,208,0,-208
DF,39,2020-09-20,1073,2608,1973,5096,4195,7704,7241,-463,0,86,0,161,0,247,0,-247
DF,40,2020-09-27,1073,2674,1973,5238,4195,7912,7241,-671,0,66,0,142,0,208,0,-208
DF,41,2020-10-04,1073,2729,1973,5385,4195,8114,7241,-873,0,55,0,147,0,202,0,-202
DF,42,2020-10-11,1073,2804,1973,5522,4195,8326,7241,-1085,0,75,0,137,0,212,0,-212
DF,43,2020-10-18,1073,2885,1973,5675,4195,8560,7241,-1319,0,81,0,153,0,234,0,-234
DF,44,2020-10-25,1073,2948,1973,5805,4195,8753,7241,-1512,0,63,0,130,0,193,0,-193
DF,45,2020-11-01,1073,3024,1973,5942,4195,8966,7241,-1725,0,76,0,137,0,213,0,-213
DF,46,2020-11-08,1073,3100,1973,6068,4195,9168,7241,-1927,0,76,0,126,0,202,0,-202
DF,47,2020-11-15,1073,3145,1973,6198,4195,9343,7241,-2102,0,45,0,130,0,175,0,-175
DF,48,2020-11-22,1073,3203,1973,6334,4195,9537,7241,-2296,0,58,0,136,0,194,0,-194
DF,49,2020-11-29,1073,3276,1973,6452,4195,9728,7241,-2487,0,73,0,118,0,191,0,-191
DF,50,2020-12-06,1073,3332,1973,6558,4195,9890,7241,-2649,0,56,0,106,0,162,0,-162
DF,51,2020-12-13,1073,3396,1973,6678,4195,10074,7241,-2833,0,64,0,120,0,184,0,-184
DF,52,2020-12-20,1073,3466,1973,6808,4195,10274,7241,-3033,0,70,0,130,0,200,0,-200
DF,53,2020-12-27,1073,3527,1973,6912,4195,10439,7241,-3198,0,61,0,104,0,165,0,-165
ES,1,2020-01-01,0,73,66,210,172,283,238,-45,0,73,66,210,172,283,238,-45
ES,2,2020-01-05,0,200,164,509,496,709,660,-49,0,127,98,299,324,426,422,-4
ES,3,2020-01-12,0,313,305,789,866,1102,1171,69,0,113,141,280,370,393,511,118
ES,4,2020-01-19,0,434,429,1116,1191,1550,1620,70,0,121,124,327,325,448,449,1
ES,5,2020-01-26,0,557,526,1412,1492,1969,2018,49,0,123,97,296,301,419,398,-21
ES,6,2020-02-02,0,664,638,1687,1797,2351,2435,84,0,107,112,275,305,382,417,35
ES,7,2020-02-09,0,751,751,2005,2104,2756,2855,99,0,87,113,318,307,405,420,15
ES,8,2020-02-16,0,846,859,2296,2435,3142,3294,152,0,95,108,291,331,386,439,53
ES,9,2020-02-23,0,947,957,2568,2777,3515,3734,219,0,101,98,272,342,373,440,67
ES,10,2020-03-01,0,1076,1061,2896,3043,3972,4104,132,0,129,104,328,266,457,370,-87
ES,11,2020-03-08,0,1186,1185,3181,3406,4367,4591,224,0,110,124,285,363,395,487,92
ES,12,2020-03-15,0,1306,1308,3532,3723,4838,5031,193,0,120,123,351,317,471,440,-31
ES,13,2020-03-22,0,1426,1437,3835,4037,5261,5474,213,0,120,129,303,314,423,443,20
ES,14,2020-03-29,7,1539,1567,4143,4361,5682,5935,253,7,113,130,308,324,421,461,40
ES,15,2020-04-05,19,1655,1685,4475,4673,6130,6377,247,12,116,118,332,312,448,442,-6
ES,16,2020-04-12,42,1794,1799,4755,4983,6549,6824,275,23,139,114,280,310,419,447,28
ES,17,2020-04-19,73,1924,1891,5077,5268,7001,7232,231,31,130,92,322,285,452,408,-44
ES,18,2020-04-26,128,2040,2007,5353,5570,7393,7705,312,55,116,116,276,302,392,473,81
ES,19,2020-05-03,187,2180,2136,5652,5861,7832,8184,352,59,140,129,299,291,439,479,40
ES,20,2020-05-10,305,2314,2259,5990,6183,8304,8747,443,118,134,123,338,322,472,563,91
ES,21,2020-05-17,459,2443,2387,6325,6529,8768,9375,607,154,129,128,335,346,464,628,164
ES,22,2020-05-24,665,2585,2508,6651,6841,9236,10014,778,206,142,121,326,312,468,639,171
ES,23,2020-05-31,898,2722,2622,6980,7201,9702,10721,1019,233,137,114,329,360,466,707,241
ES,24,2020-06-07,1118,2869,2738,7332,7527,10201,11383,1182,220,147,116,352,326,499,662,163
ES,25,2020-06-14,1388,3006,2857,7675,7806,10681,12051,1370,270,137,119,343,279,480,668,188
ES,26,2020-06-21,1599,3158,2958,7998,8098,11156,12655,1499,211,152,101,323,292,475,604,129
ES,27,2020-06-28,1836,3286,3044,8354,8387,11640,13267,1627,237,128,86,356,289,484,612,128
ES,28,2020-07-05,2000,3421,3142,8644,8649,12065,13791,1726,164,135,98,290,262,425,524,99
ES,29,2020-07-12,2058,3587,3161,8969,8723,12556,13942,1386,58,166,19,325,74,491,151,-340
ES,30,2020-07-19,2058,3743,3161,9317,8723,13060,13942,882,0,156,0,348,0,504,0,-504
ES,31,2020-07-26,2058,3886,3161,9645,8723,13531,13942,411,0,143,0,328,0,471,0,-471
ES,32,2020-08-02,2058,4011,3161,10000,8723,14011,13942,-69,0,125,0,355,0,480,0,-480
ES,33,2020-08-09,2058,4154,3161,10336,8723,14490,13942,-548,0,143,0,336,0,479,0,-479
ES,34,2020-08-16,2058,4291,3161,10649,8723,14940,13942,-998,0,137,0,313,0,450,0,-450
ES,35,2020-08-23,2058,4426,3161,10944,8723,15370,13942,-1428,0,135,0,295,0,430,0,-430
ES,36,2020-08-30,2058,4565,3161,11278,8723,15843,13942,-1901,0,139,0,334,0,473,0,-473
ES,37,2020-09-06,2058,4698,3161,11591,8723,16289,13942,-2347,0,133,0,313,0,446,0,-446
ES,38,2020-09-13,2058,4829,3161,11925,8723,16754,13942,-2812,0,131,0,334,0,465,0,-465
ES,39,2020-09-20,2058,4953,3161,12210,8723,17163,13942,-3221,0,124,0,285,0,409,0,-409
ES,40,2020-09-27,2058,5091,3161,12523,8723,17614,13942,-3672,0,138,0,313,0,451,0,-451
ES,41,2020-10-04,2058,5203,3161,12814,8723,18017,13942,-4075,0,112,0,291,0,403,0,-403
ES,42,2020-10-11,2058,5308,3161,13116,8723,18424,13942,-4482,0,105,0,302,0,407,0,-407
ES,43,2020-10-18,2058,5425,3161,13407,8723,18832,13942,-4890,0,117,0,291,0,408,0,-408
ES,44,2020-10-25,2058,5549,3161,13725,8723,19274,13942,-5332,0,124,0,318,0,442,0,-442
ES,45,2020-11-01,2058,5657,3161,14027,8723,19684,13942,-5742,0,108,0,302,0,410,0,-410
ES,46,2020-11-08,2058,5783,3161,14320,8723,20103,13942,-6161,0,126,0,293,0,419,0,-419
ES,47,2020-11-15,2058,5905,3161,14642,8723,20547,13942,-6605,0,122,0,322,0,444,0,-444
ES,48,2020-11-22,2058,6007,3161,14956,8723,20963,13942,-7021,0,102,0,314,0,416,0,-416
ES,49,2020-11-29,2058,6144,3161,15266,8723,21410,13942,-7468,0,137,0,310,0,447,0,-447
ES,50,2020-12-06,2058,6262,3161,15592,8723,21854,13942,-7912,0,118,0,326,0,444,0,-444
ES,51,2020-12-13,2058,6384,3161,15939,8723,22323,13942,-8381,0,122,0,347,0,469,0,-469
ES,52,2020-12-20,2058,6500,3161,16257,8723,22757,13942,-8815,0,116,0,318,0,434,0,-434
ES,53,2020-12-27,2058,6581,3161,16477,8723,23058,13942,-9116,0,81,0,220,0,301,0,-301
GO,1,2020-01-01,0,86,94,188,197,274,291,17,0,86,94,188,197,274,291,17
GO,2,2020-01-05,0,241,278,539,536,780,814,34,0,155,184,351,339,506,523,17
GO,3,2020-01-12,0,403,452,899,912,1302,1364,62,0,162,174,360,376,522,550,28
GO,4,2020-01-19,0,574,625,1225,1247,1799,1872,73,0,171,173,326,335,497,508,11
GO,5,2020-01-26,0,750,812,1567,1568,2317,2380,63,0,176,187,342,321,518,508,-10
GO,6,2020-02-02,0,918,986,1896,1942,2814,2928,114,0,168,174,329,374,497,548,51
GO,7,2020-02-09,0,1084,1172,2231,2246,3315,3418,103,0,166,186,335,304,501,490,-11
GO,8,2020-02-16,0,1228,1334,2554,2575,3782,3909,127,0,144,162,323,329,467,491,24
GO,9,2020-02-23,0,1371,1490,2859,2928,4230,4418,188,0,143,156,305,353,448,509,61
GO,10,2020-03-01,0,1513,1691,3167,3251,4680,4942,262,0,142,201,308,323,450,524,74
GO,11,2020-03-08,0,1684,1897,3522,3604,5206,5501,295,0,171,206,355,353,526,559,33
GO,12,2020-03-15,0,1866,2112,3894,3959,5760,6071,311,0,182,215,372,355,554,570,16
GO,13,2020-03-22,3,2073,2312,4201,4268,6274,6583,309,3,207,200,307,309,514,512,-2
GO,14,2020-03-29,14,2255,2499,4552,4602,6807,7115,308,11,182,187,351,334,533,532,-1
GO,15,2020-04-05,40,2441,2683,4903,4913,7344,7636,292,26,186,184,351,311,537,521,-16
GO,16,2020-04-12,52,2616,2838,5289,5225,7905,8115,210,12,175,155,386,312,561,479,-82
GO,17,2020-04-19,74,2790,3015,5675,5515,8465,8604,139,22,174,177,386,290,560,489,-71
GO,18,2020-04-26,98,2969,3185,6042,5846,9011,9129,118,24,179,170,367,331,546,525,-21
GO,19,2020-05-03,130,3138,3338,6384,6231,9522,9699,177,32,169,153,342,385,511,570,59
GO,20,2020-05-10,161,3308,3489,6764,6626,10072,10276,204,31,170,151,380,395,550,577,27
GO,21,2020-05-17,203,3483,3636,7110,6959,10593,10798,205,42,175,147,346,333,521,522,1
GO,22,2020-05-24,251,3691,3793,7500,7313,11191,11357,166,48,208,157,390,354,598,559,-39
GO,23,2020-05-31,308,3910,3958,7899,7651,11809,11917,108,57,219,165,399,338,618,560,-58
GO,24,2020-06-07,371,4107,4116,8273,7981,12380,12468,88,63,197,158,374,330,571,551,-20
GO,25,2020-06-14,495,4299,4249,8670,8302,12969,13046,77,124,192,133,397,321,589,578,-11
GO,26,2020-06-21,672,4511,4404,9036,8606,13547,13682,135,177,212,155,366,304,578,636,58
GO,27,2020-06-28,867,4721,4530,9393,8903,14114,14300,186,195,210,126,357,297,567,618,51
GO,28,2020-07-05,1042,4956,4635,9802,9130,14758,14807,49,175,235,105,409,227,644,507,-137
GO,29,2020-07-12,1080,5154,4658,10168,9185,15322,14923,-399,38,198,23,366,55,564,116,-448
GO,30,2020-07-19,1080,5384,4658,10520,9185,15904,14923,-981,0,230,0,352,0,582,0,-582
GO,31,2020-07-26,1080,5589,4658,10899,9185,16488,14923,-1565,0,205,0,379,0,584,0,-584
GO,32,2020-08-02,1080,5797,4658,11222,9185,17019,14923,-2096,0,208,0,323,0,531,0,-531
GO,33,2020-08-09,1080,5971,4658,11506,9185,17477,14923,-2554,0,174,0,284,0,458,0,-458
GO,34,2020-08-16,1080,6189,4658,11845,9185,18034,14923,-3111,0,218,0,339,0,557,0,-557
GO,35,2020-08-23,1080,6367,4658,12174,9185,18541,14923,-3618,0,178,0,329,0,507,0,-507
GO,36,2020-08-30,1080,6570,4658,12526,9185,19096,14923,-4173,0,203,0,352,0,555,0,-555
GO,37,2020-09-06,1080,6759,4658,12895,9185,19654,14923,-4731,0,189,0,369,0,558,0,-558
GO,38,2020-09-13,1080,6972,4658,13277,9185,20249,14923,-5326,0,213,0,382,0,595,0,-595
GO,39,2020-09-20,1080,7199,4658,13651,9185,20850,14923,-5927,0,227,0,374,0,601,0,-601
GO,40,2020-09-27,1080,7392,4658,14027,9185,21419,14923,-6496,0,193,0,376,0,569,0,-569
GO,41,2020-10-04,1080,7587,4658,14373,9185,21960,14923,-7037,0,195,0,346,0,541,0,-541
GO,42,2020-10-11,1080,7785,4658,14691,9185,22476,14923,-7553,0,198,0,318,0,516,0,-516
GO,43,2020-10-18,1080,8009,4658,15009,9185,23018,14923,-8095,0,224,0,318,0,542,0,-542
GO,44,2020-10-25,1080,8184,4658,15341,9185,23525,14923,-8602,0,175,0,332,0,507,0,-507
GO,45,2020-11-01,1080,8342,4658,15681,9185,24023,14923,-9100,0,158,0,340,0,498,0,-498
GO,46,2020-11-08,1080,8508,4658,16048,9185,24556,14923,-9633,0,166,0,367,0,533,0,-533
GO,47,2020-11-15,1080,8670,4658,16384,9185,25054,14923,-10131,0,162,0,336,0,498,0,-498
GO,48,2020-11-22,1080,8847,4658,16709,9185,25556,14923,-10633,0,177,0,325,0,502,0,-502
GO,49,2020-11-29,1080,9030,4658,17053,9185,26083,14923,-11160,0,183,0,344,0,527,0,-527
GO,50,2020-12-06,1080,9195,4658,17368,9185,26563,14923,-11640,0,165,0,315,0,480,0,-480
GO,51,2020-12-13,1080,9361,4658,17701,9185,27062,14923,-12139,0,166,0,333,0,499,0,-499
GO,52,2020-12-20,1080,9562,4658,18029,9185,27591,14923,-12668,0,201,0,328,0,529,0,-529
GO,53,2020-12-27,1080,9695,4658,18310,9185,28005,14923,-13082,0,133,0,281,0,414,0,-414
MA,1,2020-01-01,0,50,40,180,148,230,188,-42,0,50,40,180,148,230,188,-42
MA,2,2020-01-05,0,126,116,472,401,598,517,-81,0,76,76,292,253,368,329,-39
MA,3,2020-01-12,0,201,176,729,644,930,820,-110,0,75,60,257,243,332,303,-29
MA,4,2020-01-19,0,270,249,974,954,1244,1203,-41,0,69,73,245,310,314,383,69
MA,5,2020-01-26,0,356,339,1212,1214,1568,1553,-15,0,86,90,238,260,324,350,26
MA,6,2020-02-02,0,434,410,1486,1524,1920,1934,14,0,78,71,274,310,352,381,29
MA,7,2020-02-09,0,510,515,1716,1807,2226,2322,96,0,76,105,230,283,306,388,82
MA,8,2020-02-16,0,585,604,1982,2065,2567,2669,102,0,75,89,266,258,341,347,6
MA,9,2020-02-23,0,649,690,2217,2344,2866,3034,168,0,64,86,235,279,299,365,66
MA,10,2020-03-01,0,719,796,2499,2608,3218,3404,186,0,70,106,282,264,352,370,18
MA,11,2020-03-08,0,812,905,2733,2857,3545,3762,217,0,93,109,234,249,327,358,31
MA,12,2020-03-15,0,909,1005,2980,3120,3889,4125,236,0,97,100,247,263,344,363,19
MA,13,2020-03-22,0,995,1104,3251,3389,4246,4493,247,0,86,99,271,269,357,368,11
MA,14,2020-03-29,0,1068,1193,3508,3652,4576,4845,269,0,73,89,257,263,330,352,22
MA,15,2020-04-05,18,1162,1292,3762,3917,4924,5227,303,18,94,99,254,265,348,382,34
MA,16,2020-04-12,54,1263,1384,4011,4171,5274,5609,335,36,101,92,249,254,350,382,32
MA,17,2020-04-19,139,1352,1593,4294,4523,5646,6255,609,85,89,209,283,352,372,646,274
MA,18,2020-04-26,270,1447,1896,4547,4937,5994,7103,1109,131,95,303,253,414,348,848,500
MA,19,2020-05-03,413,1549,2202,4839,5321,6388,7936,1548,143,102,306,292,384,394,833,439
MA,20,2020-05-10,575,1636,2454,5107,5695,6743,8724,1981,162,87,252,268,374,355,788,433
MA,21,2020-05-17,769,1734,2638,5391,6055,7125,9462,2337,194,98,184,284,360,382,738,356
MA,22,2020-05-24,962,1834,2783,5695,6368,7529,10113,2584,193,100,145,304,313,404,651,247
MA,23,2020-05-31,1145,1932,2900,5981,6679,7913,10724,2811,183,98,117,286,311,384,611,227
MA,24,2020-06-07,1276,2009,3008,6232,6933,8241,11217,2976,131,77,108,251,254,328,493,165
MA,25,2020-06-14,1381,2087,3098,6468,7211,8555,11690,3135,105,78,90,236,278,314,473,159
MA,26,2020-06-21,1465,2151,3186,6753,7448,8904,12099,3195,84,64,88,285,237,349,409,60
MA,27,2020-06-28,1528,2232,3249,7010,7629,9242,12406,3164,63,81,63,257,181,338,307,-31
MA,28,2020-07-05,1565,2300,3273,7263,7735,9563,12573,3010,37,68,24,253,106,321,167,-154
MA,29,2020-07-12,1569,2391,3282,7477,7753,9868,12604,2736,4,91,9,214,18,305,31,-274
MA,30,2020-07-19,1569,2464,3282,7739,7753,10203,12604,2401,0,73,0,262,0,335,0,-335
MA,31,2020-07-26,1569,2536,3282,7963,7753,10499,12604,2105,0,72,0,224,0,296,0,-296
MA,32,2020-08-02,1569,2609,3282,8159,7753,10768,12604,1836,0,73,0,196,0,269,0,-269
MA,33,2020-08-09,1569,2687,3282,8385,7753,11072,12604,1532,0,78,0,226,0,304,0,-304
MA,34,2020-08-16,1569,2774,3282,8610,7753,11384,12604,1220,0,87,0,225,0,312,0,-312
MA,35,2020-08-23,1569,2840,3282,8834,7753,11674,12604,930,0,66,0,224,0,290,0,-290
MA,36,2020-08-30,1569,2902,3282,9060,7753,11962,12604,642,0,62,0,226,0,288,0,-288
MA,37,2020-09-06,1569,2966,3282,9336,7753,12302,12604,302,0,64,0,276,0,340,0,-340
MA,38,2020-09-13,1569,3031,3282,9615,7753,12646,12604,-42,0,65,0,279,0,344,0,-344
MA,39,2020-09-20,1569,3110,3282,9826,7753,12936,12604,-332,0,79,0,211,0,290,0,-290
MA,40,2020-09-27,1569,3168,3282,10040,7753,13208,12604,-604,0,58,0,214,0,272,0,-272
MA,41,2020-10-04,1569,3234,3282,10260,7753,13494,12604,-890,0,66,0,220,0,286,0,-286
MA,42,2020-10-11,1569,3296,3282,10507,7753,13803,12604,-1199,0,62,0,247,0,309,0,-309
MA,43,2020-10-18,1569,3366,3282,10749,7753,14115,12604,-1511,0,70,0,242,0,312,0,-312
MA,44,2020-10-25,1569,3446,3282,10975,7753,14421,12604,-1817,0,80,0,226,0,306,0,-306
MA,45,2020-11-01,1569,3499,3282,11188,7753,14687,12604,-2083,0,53,0,213,0,266,0,-266
MA,46,2020-11-08,1569,3567,3282,11382,7753,14949,12604,-2345,0,68,0,194,0,262,0,-262
MA,47,2020-11-15,1569,3625,3282,11597,7753,15222,12604,-2618,0,58,0,215,0,273,0,-273
MA,48,2020-11-22,1569,3683,3282,11798,7753,15481,12604,-2877,0,58,0,201,0,259,0,-259
MA,49,2020-11-29,1569,3750,3282,12031,7753,15781,12604,-3177,0,67,0,233,0,300,0,-300
MA,50,2020-12-06,1569,3827,3282,12277,7753,16104,12604,-3500,0,77,0,246,0,323,0,-323
MA,51,2020-12-13,1569,3902,3282,12508,7753,16410,12604,-3806,0,75,0,231,0,306,0,-306
MA,52,2020-12-20,1569,3990,3282,12779,7753,16769,12604,-4165,0,88,0,271,0,359,0,-359
MA,53,2020-12-27,1569,4048,3282,12943,7753,16991,12604,-4387,0,58,0,164,0,222,0,-222
MG,1,2020-01-01,0,281,309,741,746,1022,1055,33,0,281,309,741,746,1022,1055,33
MG,2,2020-01-05,0,786,846,2057,2072,2843,2918,75,0,505,537,1316,1326,1821,1863,42
MG,3,2020-01-12,0,1321,1387,3325,3432,4646,4819,173,0,535,541,1268,1360,1803,1901,98
MG,4,2020-01-19,0,1843,1911,4616,4722,6459,6633,174,0,522,524,1291,1290,1813,1814,1
MG,5,2020-01-26,0,2328,2381,5890,6044,8218,8425,207,0,485,470,1274,1322,1759,1792,33
MG,6,2020-02-02,0,2813,2890,7161,7373,9974,10263,289,0,485,509,1271,1329,1756,1838,82
MG,7,2020-02-09,0,3286,3397,8410,8725,11696,12122,426,0,473,507,1249,1352,1722,1859,137
MG,8,2020-02-16,0,3731,3899,9634,10145,13365,14044,679,0,445,502,1224,1420,1669,1922,253
MG,9,2020-02-23,0,4101,4396,10748,11475,14849,15871,1022,0,370,497,1114,1330,1484,1827,343
MG,10,2020-03-01,0,4560,4904,12066,12839,16626,17743,1117,0,459,508,1318,1364,1777,1872,95
MG,11,2020-03-08,0,5071,5444,13340,14202,18411,19646,1235,0,511,540,1274,1363,1785,1903,118
MG,12,2020-03-15,0,5590,6056,14642,15604,20232,21660,1428,0,519,612,1302,1402,1821,2014,193
MG,13,2020-03-22,11,6058,6577,15945,16916,22003,23504,1501,11,468,521,1303,1312,1771,1844,73
MG,14,2020-03-29,48,6569,7067,17279,18239,23848,25354,1506,37,511,490,1334,1323,1845,1850,5
MG,15,2020-04-05,87,7091,7560,18692,19507,25783,27154,1371,39,522,493,1413,1268,1935,1800,-135
MG,16,2020-04-12,135,7592,7963,20098,20774,27690,28872,1182,48,501,403,1406,1267,1907,1718,-189
MG,17,2020-04-19,182,8124,8402,21472,22093,29596,30677,1081,47,532,439,1374,1319,1906,1805,-101
MG,18,2020-04-26,244,8652,8869,22896,23460,31548,32573,1025,62,528,467,1424,1367,1952,1896,-56
MG,19,2020-05-03,325,9225,9291,24279,24845,33504,34461,957,81,573,422,1383,1385,1956,1888,-68
MG,20,2020-05-10,393,9774,9743,25750,26275,35524,36411,887,68,549,452,1471,1430,2020,1950,-70
MG,21,2020-05-17,489,10370,10195,27170,27618,37540,38302,762,96,596,452,1420,1343,2016,1891,-125
MG,22,2020-05-24,599,10976,10655,28612,28961,39588,40215,627,110,606,460,1442,1343,2048,1913,-135
MG,23,2020-05-31,749,11516,11106,29916,30391,41432,42246,814,150,540,451,1304,1430,1844,2031,187
MG,24,2020-06-07,934,12127,11599,31450,31778,43577,44311,734,185,611,493,1534,1387,2145,2065,-80
MG,25,2020-06-14,1140,12751,11992,32908,33002,45659,46134,475,206,624,393,1458,1224,2082,1823,-259
MG,26,2020-06-21,1273,13355,12206,34359,33678,47714,47157,-557,133,604,214,1451,676,2055,1023,-1032
MG,27,2020-06-28,1292,13939,12219,35746,33728,49685,47239,-2446,19,584,13,1387,50,1971,82,-1889
MG,28,2020-07-05,1317,14501,12239,37164,33772,51665,47328,-4337,25,562,20,1418,44,1980,89,-1891
MG,29,2020-07-12,1317,15144,12241,38655,33778,53799,47336,-6463,0,643,2,1491,6,2134,8,-2126
MG,30,2020-07-19,1317,15746,12241,40105,33778,55851,47336,-8515,0,602,0,1450,0,2052,0,-2052
MG,31,2020-07-26,1317,16406,12241,41563,33778,57969,47336,-10633,0,660,0,1458,0,2118,0,-2118
MG,32,2020-08-02,1317,16998,12241,42910,33778,59908,47336,-12572,0,592,0,1347,0,1939,0,-1939
MG,33,2020-08-09,1317,17549,12241,44294,33778,61843,47336,-14507,0,551,0,1384,0,1935,0,-1935
MG,34,2020-08-16,1317,18106,12241,45579,33778,63685,47336,-16349,0,557,0,1285,0,1842,0,-1842
MG,35,2020-08-23,1317,18676,12241,46881,33778,65557,47336,-18221,0,570,0,1302,0,1872,0,-1872
MG,36,2020-08-30,1317,19246,12241,48310,33778,67556,47336,-20220,0,570,0,1429,0,1999,0,-1999
MG,37,2020-09-06,1317,19788,12241,49611,33778,69399,47336,-22063,0,542,0,1301,0,1843,0,-1843
MG,38,2020-09-13,1317,20368,12241,50939,33778,71307,47336,-23971,0,580,0,1328,0,1908,0,-1908
MG,39,2020-09-20,1317,20907,12241,52257,33778,73164,47336,-25828,0,539,0,1318,0,1857,0,-1857
MG,40,2020-09-27,1317,21434,12241,53615,33778,75049,47336,-27713,0,527,0,1358,0,1885,0,-1885
MG,41,2020-10-04,1317,21969,12241,54894,33778,76863,47336,-29527,0,535,0,1279,0,1814,0,-1814
MG,42,2020-10-11,1317,22485,12241,56294,33778,78779,47336,-31443,0,516,0,1400,0,1916,0,-1916
MG,43,2020-10-18,1317,23005,12241,57600,33778,80605,47336,-33269,0,520,0,1306,0,1826,0,-1826
MG,44,2020-10-25,1317,23486,12241,58794,33778,82280,47336,-34944,0,481,0,1194,0,1675,0,-1675
MG,45,2020-11-01,1317,23972,12241,60126,33778,84098,47336,-36762,0,486,0,1332,0,1818,0,-1818
MG,46,2020-11-08,1317,24480,12241,61424,33778,85904,47336,-38568,0,508,0,1298,0,1806,0,-1806
MG,47,2020-11-15,1317,24916,12241,62694,33778,87610,47336,-40274,0,436,0,1270,0,1706,0,-1706
MG,48,2020-11-22,1317,25335,12241,63894,33778,89229,47336,-41893,0,419,0,1200,0,1619,0,-1619
MG,49,2020-11-29,1317,25811,12241,65204,33778,91015,47336,-43679,0,476,0,1310,0,1786,0,-1786
MG,50,2020-12-06,1317,26270,12241,66540,33778,92810,47336,-45474,0,459,0,1336,0,1795,0,-1795
MG,51,2020-12-13,1317,26804,12241,67886,33778,94690,47336,-47354,0,534,0,1346,0,1880,0,-1880
MG,52,2020-12-20,1317,27327,12241,69204,33778,96531,47336,-49195,0,523,0,1318,0,1841,0,-1841
MG,53,2020-12-27,1317,27657,12241,70142,33778,97799,47336,-50463,0,330,0,938,0,1268,0,-1268
MS,1,2020-01-01,0,45,47,84,90,129,137,8,0,45,47,84,90,129,137,8
MS,2,2020-01-05,0,126,138,266,254,392,392,0,0,81,91,182,164,263,255,-8
MS,3,2020-01-12,0,207,225,439,436,646,661,15,0,81,87,173,182,254,269,15
MS,4,2020-01-19,0,297,300,617,617,914,917,3,0,90,75,178,181,268,256,-12
MS,5,2020-01-26,0,387,379,815,789,1202,1168,-34,0,90,79,198,172,288,251,-37
MS,6,2020-02-02,0,462,462,985,994,1447,1456,9,0,75,83,170,205,245,288,43
MS,7,2020-02-09,0,548,563,1154,1162,1702,1725,23,0,86,101,169,168,255,269,14
MS,8,2020-02-16,0,655,638,1320,1354,1975,1992,17,0,107,75,166,192,273,267,-6
MS,9,2020-02-23,0,723,719,1485,1511,2208,2230,22,0,68,81,165,157,233,238,5
MS,10,2020-03-01,0,787,807,1676,1684,2463,2491,28,0,64,88,191,173,255,261,6
MS,11,2020-03-08,0,865,904,1822,1896,2687,2800,113,0,78,97,146,212,224,309,85
MS,12,2020-03-15,0,937,1014,1990,2129,2927,3143,216,0,72,110,168,233,240,343,103
MS,13,2020-03-22,0,1019,1118,2151,2300,3170,3418,248,0,82,104,161,171,243,275,32
MS,14,2020-03-29,1,1107,1220,2324,2469,3431,3690,259,1,88,102,173,169,261,272,11
MS,15,2020-04-05,1,1214,1302,2485,2635,3699,3938,239,0,107,82,161,166,268,248,-20
MS,16,2020-04-12,4,1312,1380,2644,2828,3956,4212,256,3,98,78,159,193,257,274,17
MS,17,2020-04-19,8,1398,1446,2817,3000,4215,4454,239,4,86,66,173,172,259,242,-17
MS,18,2020-04-26,9,1504,1517,3005,3159,4509,4685,176,1,106,71,188,159,294,231,-63
MS,19,2020-05-03,10,1610,1592,3150,3347,4760,4949,189,1,106,75,145,188,251,264,13
MS,20,2020-05-10,15,1695,1664,3338,3536,5033,5215,182,5,85,72,188,189,273,266,-7
MS,21,2020-05-17,20,1801,1731,3541,3753,5342,5504,162,5,106,67,203,217,309,289,-20
MS,22,2020-05-24,25,1916,1822,3764,3986,5680,5833,153,5,115,91,223,233,338,329,-9
MS,23,2020-05-31,30,2031,1895,3967,4173,5998,6098,100,5,115,73,203,187,318,265,-53
MS,24,2020-06-07,35,2154,1979,4199,4350,6353,6364,11,5,123,84,232,177,355,266,-89
MS,25,2020-06-14,50,2269,2055,4405,4539,6674,6644,-30,15,115,76,206,189,321,280,-41
MS,26,2020-06-21,75,2376,2133,4593,4709,6969,6917,-52,25,107,78,188,170,295,273,-22
MS,27,2020-06-28,111,2495,2195,4829,4903,7324,7209,-115,36,119,62,236,194,355,292,-63
MS,28,2020-07-05,150,2615,2264,5032,5038,7647,7452,-195,39,120,69,203,135,323,243,-80
MS,29,2020-07-12,165,2719,2279,5240,5066,7959,7510,-449,15,104,15,208,28,312,58,-254
MS,30,2020-07-19,165,2824,2279,5439,5066,8263,7510,-753,0,105,0,199,0,304,0,-304
MS,31,2020-07-26,165,2937,2279,5649,5066,8586,7510,-1076,0,113,0,210,0,323,0,-323
MS,32,2020-08-02,165,3039,2279,5857,5066,8896,7510,-1386,0,102,0,208,0,310,0,-310
MS,33,2020-08-09,165,3154,2279,6045,5066,9199,7510,-1689,0,115,0,188,0,303,0,-303
MS,34,2020-08-16,165,3266,2279,6223,5066,9489,7510,-1979,0,112,0,178,0,290,0,-290
MS,35,2020-08-23,165,3373,2279,6426,5066,9799,7510,-2289,0,107,0,203,0,310,0,-310
MS,36,2020-08-30,165,3478,2279,6640,5066,10118,7510,-2608,0,105,0,214,0,319,0,-319
MS,37,2020-09-06,165,3578,2279,6841,5066,10419,7510,-2909,0,100,0,201,0,301,0,-301
MS,38,2020-09-13,165,3702,2279,7040,5066,10742,7510,-3232,0,124,0,199,0,323,0,-323
MS,39,2020-09-20,165,3797,2279,7226,5066,11023,7510,-3513,0,95,0,186,0,281,0,-281
MS,40,2020-09-27,165,3888,2279,7425,5066,11313,7510,-3803,0,91,0,199,0,290,0,-290
MS,41,2020-10-04,165,3977,2279,7605,5066,11582,7510,-4072,0,89,0,180,0,269,0,-269
MS,42,2020-10-11,165,4055,2279,7789,5066,11844,7510,-4334,0,78,0,184,0,262,0,-262
MS,43,2020-10-18,165,4155,2279,7958,5066,12113,7510,-4603,0,100,0,169,0,269,0,-269
MS,44,2020-10-25,165,4252,2279,8153,5066,12405,7510,-4895,0,97,0,195,0,292,0,-292
MS,45,2020-11-01,165,4355,2279,8350,5066,12705,7510,-5195,0,103,0,197,0,300,0,-300
MS,46,2020-11-08,165,4441,2279,8521,5066,12962,7510,-5452,0,86,0,171,0,257,0,-257
MS,47,2020-11-15,165,4526,2279,8683,5066,13209,7510,-5699,0,85,0,162,0,247,0,-247
MS,48,2020-11-22,165,4615,2279,8863,5066,13478,7510,-5968,0,89,0,180,0,269,0,-269
MS,49,2020-11-29,165,4694,2279,9052,5066,13746,7510,-6236,0,79,0,189,0,268,0,-268
MS,50,2020-12-06,165,4768,2279,9224,5066,13992,7510,-6482,0,74,0,172,0,246,0,-246
MS,51,2020-12-13,165,4835,2279,9378,5066,14213,7510,-6703,0,67,0,154,0,221,0,-221
MS,52,2020-12-20,165,4917,2279,9553,5066,14470,7510,-6960,0,82,0,175,0,257,0,-257
MS,53,2020-12-27,165,4975,2279,9681,5066,14656,7510,-7146,0,58,0,128,0,186,0,-186
MT,1,2020-01-01,0,19,16,101,106,120,122,2,0,19,16,101,106,120,122,2
MT,2,2020-01-05,0,37,50,268,327,305,377,72,0,18,34,167,221,185,255,70
MT,3,2020-01-12,0,69,76,433,525,502,601,99,0,32,26,165,198,197,224,27
MT,4,2020-01-19,0,103,107,604,679,707,786,79,0,34,31,171,154,205,185,-20
MT,5,2020-01-26,0,131,139,801,875,932,1014,82,0,28,32,197,196,225,228,3
MT,6,2020-02-02,0,156,175,964,1071,1120,1246,126,0,25,36,163,196,188,232,44
MT,7,2020-02-09,0,181,193,1125,1289,1306,1482,176,0,25,18,161,218,186,236,50
MT,8,2020-02-16,0,217,222,1288,1485,1505,1707,202,0,36,29,163,196,199,225,26
MT,9,2020-02-23,0,246,247,1470,1695,1716,1942,226,0,29,25,182,210,211,235,24
MT,10,2020-03-01,0,283,277,1648,1922,1931,2199,268,0,37,30,178,227,215,257,42
MT,11,2020-03-08,0,320,305,1869,2188,2189,2493,304,0,37,28,221,266,258,294,36
MT,12,2020-03-15,1,359,347,2063,2408,2422,2756,334,1,39,42,194,220,233,263,30
MT,13,2020-03-22,1,407,368,2246,2623,2653,2992,339,0,48,21,183,215,231,236,5
MT,14,2020-03-29,3,439,405,2467,2793,2906,3201,295,2,32,37,221,170,253,209,-44
MT,15,2020-04-05,5,481,436,2668,3008,3149,3449,300,2,42,31,201,215,243,248,5
MT,16,2020-04-12,6,515,467,2858,3191,3373,3664,291,1,34,31,190,183,224,215,-9
MT,17,2020-04-19,10,551,490,3057,3393,3608,3893,285,4,36,23,199,202,235,229,-6
MT,18,2020-04-26,12,589,513,3282,3585,3871,4110,239,2,38,23,225,192,263,217,-46
MT,19,2020-05-03,14,635,542,3492,3757,4127,4313,186,2,46,29,210,172,256,203,-53
MT,20,2020-05-10,17,679,556,3699,3941,4378,4514,136,3,44,14,207,184,251,201,-50
MT,21,2020-05-17,19,715,579,3905,4118,4620,4716,96,2,36,23,206,177,242,202,-40
MT,22,2020-05-24,27,759,605,4090,4343,4849,4975,126,8,44,26,185,225,229,259,30
MT,23,2020-05-31,40,795,629,4318,4588,5113,5257,144,13,36,24,228,245,264,282,18
MT,24,2020-06-07,57,826,653,4525,4849,5351,5559,208,17,31,24,207,261,238,302,64
MT,25,2020-06-14,111,869,683,4756,5145,5625,5939,314,54,43,30,231,296,274,380,106
MT,26,2020-06-21,157,902,699,4948,5288,5850,6144,294,46,33,16,192,143,225,205,-20
MT,27,2020-06-28,191,945,717,5168,5545,6113,6453,340,34,43,18,220,257,263,309,46
MT,28,2020-07-05,209,981,729,5395,5610,6376,6548,172,18,36,12,227,65,263,95,-168
MT,29,2020-07-12,239,1024,733,5607,5689,6631,6661,30,30,43,4,212,79,255,113,-142
MT,30,2020-07-19,239,1054,733,5807,5689,6861,6661,-200,0,30,0,200,0,230,0,-230
MT,31,2020-07-26,239,1093,733,6008,5689,7101,6661,-440,0,39,0,201,0,240,0,-240
MT,32,2020-08-02,239,1122,733,6196,5689,7318,6661,-657,0,29,0,188,0,217,0,-217
MT,33,2020-08-09,239,1155,733,6413,5689,7568,6661,-907,0,33,0,217,0,250,0,-250
MT,34,2020-08-16,239,1181,733,6603,5689,7784,6661,-1123,0,26,0,190,0,216,0,-216
MT,35,2020-08-23,239,1219,733,6806,5689,8025,6661,-1364,0,38,0,203,0,241,0,-241
MT,36,2020-08-30,239,1260,733,7034,5689,8294,6661,-1633,0,41,0,228,0,269,0,-269
MT,37,2020-09-06,239,1302,733,7284,5689,8586,6661,-1925,0,42,0,250,0,292,0,-292
MT,38,2020-09-13,239,1343,733,7511,5689,8854,6661,-2193,0,41,0,227,0,268,0,-268
MT,39,2020-09-20,239,1379,733,7749,5689,9128,6661,-2467,0,36,0,238,0,274,0,-274
MT,40,2020-09-27,239,1416,733,7963,5689,9379,6661,-2718,0,37,0,214,0,251,0,-251
MT,41,2020-10-04,239,1450,733,8177,5689,9627,6661,-2966,0,34,0,214,0,248,0,-248
MT,42,2020-10-11,239,1485,733,8376,5689,9861,6661,-3200,0,35,0,199,0,234,0,-234
MT,43,2020-10-18,239,1525,733,8595,5689,10120,6661,-3459,0,40,0,219,0,259,0,-259
MT,44,2020-10-25,239,1558,733,8785,5689,10343,6661,-3682,0,33,0,190,0,223,0,-223
MT,45,2020-11-01,239,1598,733,8977,5689,10575,6661,-3914,0,40,0,192,0,232,0,-232
MT,46,2020-11-08,239,1631,733,9154,5689,10785,6661,-4124,0,33,0,177,0,210,0,-210
MT,47,2020-11-15,239,1661,733,9348,5689,11009,6661,-4348,0,30,0,194,0,224,0,-224
MT,48,2020-11-22,239,1692,733,9569,5689,11261,6661,-4600,0,31,0,221,0,252,0,-252
MT,49,2020-11-29,239,1720,733,9819,5689,11539,6661,-4878,0,28,0,250,0,278,0,-278
MT,50,2020-12-06,239,1747,733,10033,5689,11780,6661,-5119,0,27,0,214,0,241,0,-241
MT,51,2020-12-13,239,1782,733,10242,5689,12024,6661,-5363,0,35,0,209,0,244,0,-244
MT,52,2020-12-20,239,1821,733,10443,5689,12264,6661,-5603,0,39,0,201,0,240,0,-240
MT,53,2020-12-27,239,1848,733,10569,5689,12417,6661,-5756,0,27,0,126,0,153,0,-153
PA,1,2020-01-01,0,25,20,72,72,97,92,-5,0,25,20,72,72,97,92,-5
PA,2,2020-01-05,0,56,62,184,209,240,271,31,0,31,42,112,137,143,179,36
PA,3,2020-01-12,0,93,97,302,329,395,426,31,0,37,35,118,120,155,155,0
PA,4,2020-01-19,0,121,142,439,462,560,604,44,0,28,45,137,133,165,178,13
PA,5,2020-01-26,0,150,187,555,586,705,773,68,0,29,45,116,124,145,169,24
PA,6,2020-02-02,0,177,228,685,733,862,961,99,0,27,41,130,147,157,188,31
PA,7,2020-02-09,0,214,274,802,840,1016,1114,98,0,37,46,117,107,154,153,-1
PA,8,2020-02-16,0,249,318,907,959,1156,1277,121,0,35,44,105,119,140,163,23
PA,9,2020-02-23,0,274,369,1005,1088,1279,1457,178,0,25,51,98,129,123,180,57
PA,10,2020-03-01,0,310,415,1121,1223,1431,1638,207,0,36,46,116,135,152,181,29
PA,11,2020-03-08,0,353,463,1248,1335,1601,1798,197,0,43,48,127,112,170,160,-10
PA,12,2020-03-15,0,411,499,1379,1447,1790,1946,156,0,58,36,131,112,189,148,-41
PA,13,2020-03-22,0,451,546,1515,1570,1966,2116,150,0,40,47,136,123,176,170,-6
PA,14,2020-03-29,0,494,595,1647,1691,2141,2286,145,0,43,49,132,121,175,170,-5
PA,15,2020-04-05,6,537,641,1765,1825,2302,2472,170,6,43,46,118,134,161,186,25
PA,16,2020-04-12,17,581,674,1921,1945,2502,2636,134,11,44,33,156,120,200,164,-36
PA,17,2020-04-19,34,617,729,2022,2090,2639,2853,214,17,36,55,101,145,137,217,80
PA,18,2020-04-26,72,659,793,2134,2258,2793,3123,330,38,42,64,112,168,154,270,116
PA,19,2020-05-03,192,711,875,2275,2461,2986,3528,542,120,52,82,141,203,193,405,212
PA,20,2020-05-10,302,769,934,2441,2654,3210,3890,680,110,58,59,166,193,224,362,138
PA,21,2020-05-17,439,821,986,2546,2795,3367,4220,853,137,52,52,105,141,157,330,173
PA,22,2020-05-24,536,856,1030,2686,2970,3542,4536,994,97,35,44,140,175,175,316,141
PA,23,2020-05-31,647,900,1072,2825,3097,3725,4816,1091,111,44,42,139,127,183,280,97
PA,24,2020-06-07,721,957,1097,2948,3218,3905,5036,1131,74,57,25,123,121,180,220,40
PA,25,2020-06-14,793,1015,1132,3084,3334,4099,5259,1160,72,58,35,136,116,194,223,29
PA,26,2020-06-21,846,1055,1162,3204,3443,4259,5451,1192,53,40,30,120,109,160,192,32
PA,27,2020-06-28,880,1107,1180,3326,3503,4433,5563,1130,34,52,18,122,60,174,112,-62
PA,28,2020-07-05,902,1142,1188,3445,3539,4587,5629,1042,22,35,8,119,36,154,66,-88
PA,29,2020-07-12,905,1176,1189,3564,3542,4740,5636,896,3,34,1,119,3,153,7,-146
PA,30,2020-07-19,905,1202,1189,3675,3542,4877,5636,759,0,26,0,111,0,137,0,-137
PA,31,2020-07-26,905,1230,1189,3789,3542,5019,5636,617,0,28,0,114,0,142,0,-142
PA,32,2020-08-02,905,1260,1189,3902,3542,5162,5636,474,0,30,0,113,0,143,0,-143
PA,33,2020-08-09,905,1298,1189,4029,3542,5327,5636,309,0,38,0,127,0,165,0,-165
PA,34,2020-08-16,905,1332,1189,4155,3542,5487,5636,149,0,34,0,126,0,160,0,-160
PA,35,2020-08-23,905,1370,1189,4265,3542,5635,5636,1,0,38,0,110,0,148,0,-148
PA,36,2020-08-30,905,1411,1189,4392,3542,5803,5636,-167,0,41,0,127,0,168,0,-168
PA,37,2020-09-06,905,1445,1189,4502,3542,5947,5636,-311,0,34,0,110,0,144,0,-144
PA,38,2020-09-13,905,1479,1189,4618,3542,6097,5636,-461,0,34,0,116,0,150,0,-150
PA,39,2020-09-20,905,1523,1189,4728,3542,6251,5636,-615,0,44,0,110,0,154,0,-154
PA,40,2020-09-27,905,1558,1189,4847,3542,6405,5636,-769,0,35,0,119,0,154,0,-154
PA,41,2020-10-04,905,1595,1189,4950,3542,6545,5636,-909,0,37,0,103,0,140,0,-140
PA,42,2020-10-11,905,1628,1189,5068,3542,6696,5636,-1060,0,33,0,118,0,151,0,-151
PA,43,2020-10-18,905,1664,1189,5186,3542,6850,5636,-1214,0,36,0,118,0,154,0,-154
PA,44,2020-10-25,905,1706,1189,5278,3542,6984,5636,-1348,0,42,0,92,0,134,0,-134
PA,45,2020-11-01,905,1734,1189,5384,3542,7118,5636,-1482,0,28,0,106,0,134,0,-134
PA,46,2020-11-08,905,1769,1189,5489,3542,7258,5636,-1622,0,35,0,105,0,140,0,-140
PA,47,2020-11-15,905,1795,1189,5611,3542,7406,5636,-1770,0,26,0,122,0,148,0,-148
PA,48,2020-11-22,905,1832,1189,5738,3542,7570,5636,-1934,0,37,0,127,0,164,0,-164
PA,49,2020-11-29,905,1866,1189,5867,3542,7733,5636,-2097,0,34,0,129,0,163,0,-163
PA,50,2020-12-06,905,1900,1189,6000,3542,7900,5636,-2264,0,34,0,133,0,167,0,-167
PA,51,2020-12-13,905,1948,1189,6099,3542,8047,5636,-2411,0,48,0,99,0,147,0,-147
PA,52,2020-12-20,905,1981,1189,6209,3542,8190,5636,-2554,0,33,0,110,0,143,0,-143
PA,53,2020-12-27,905,2008,1189,6287,3542,8295,5636,-2659,0,27,0,78,0,105,0,-105
PB,1,2020-01-01,0,50,66,158,162,208,228,20,0,50,66,158,162,208,228,20
PB,2,2020-01-05,0,140,167,401,406,541,573,32,0,90,101,243,244,333,345,12
PB,3,2020-01-12,0,255,258,685,636,940,894,-46,0,115,91,284,230,399,321,-78
PB,4,2020-01-19,0,360,352,931,901,1291,1253,-38,0,105,94,246,265,351,359,8
PB,5,2020-01-26,0,454,453,1183,1172,1637,1625,-12,0,94,101,252,271,346,372,26
PB,6,2020-02-02,0,560,552,1465,1430,2025,1982,-43,0,106,99,282,258,388,357,-31
PB,7,2020-02-09,0,654,643,1745,1680,2399,2323,-76,0,94,91,280,250,374,341,-33
PB,8,2020-02-16,0,741,733,2028,1922,2769,2655,-114,0,87,90,283,242,370,332,-38
PB,9,2020-02-23,0,820,819,2265,2181,3085,3000,-85,0,79,86,237,259,316,345,29
PB,10,2020-03-01,0,945,912,2532,2431,3477,3343,-134,0,125,93,267,250,392,343,-49
PB,11,2020-03-08,0,1052,1002,2815,2664,3867,3666,-201,0,107,90,283,233,390,323,-67
PB,12,2020-03-15,0,1153,1108,3079,2932,4232,4040,-192,0,101,106,264,268,365,374,9
PB,13,2020-03-22,0,1262,1212,3353,3192,4615,4404,-211,0,109,104,274,260,383,364,-19
PB,14,2020-03-29,5,1360,1299,3624,3434,4984,4738,-246,5,98,87,271,242,369,334,-35
PB,15,2020-04-05,8,1481,1402,3930,3704,5411,5114,-297,3,121,103,306,270,427,376,-51
PB,16,2020-04-12,18,1608,1497,4239,3939,5847,5454,-393,10,127,95,309,235,436,340,-96
PB,17,2020-04-19,32,1710,1570,4495,4171,6205,5773,-432,14,102,73,256,232,358,319,-39
PB,18,2020-04-26,56,1844,1666,4794,4429,6638,6151,-487,24,134,96,299,258,433,378,-55
PB,19,2020-05-03,96,1957,1765,5063,4710,7020,6571,-449,40,113,99,269,281,382,420,38
PB,20,2020-05-10,154,2094,1878,5332,4999,7426,7031,-395,58,137,113,269,289,406,460,54
PB,21,2020-05-17,231,2206,1990,5635,5324,7841,7545,-296,77,112,112,303,325,415,514,99
PB,22,2020-05-24,341,2329,2086,5910,5628,8239,8055,-184,110,123,96,275,304,398,510,112
PB,23,2020-05-31,447,2434,2164,6161,5916,8595,8527,-68,106,105,78,251,288,356,472,116
PB,24,2020-06-07,550,2562,2268,6434,6189,8996,9007,11,103,128,104,273,273,401,480,79
PB,25,2020-06-14,650,2668,2347,6691,6448,9359,9445,86,100,106,79,257,259,363,438,75
PB,26,2020-06-21,747,2766,2433,6980,6729,9746,9909,163,97,98,86,289,281,387,464,77
PB,27,2020-06-28,832,2899,2495,7273,6990,10172,10317,145,85,133,62,293,261,426,408,-18
PB,28,2020-07-05,887,3023,2551,7557,7177,10580,10615,35,55,124,56,284,187,408,298,-110
PB,29,2020-07-12,906,3127,2562,7852,7233,10979,10701,-278,19,104,11,295,56,399,86,-313
PB,30,2020-07-19,906,3248,2562,8144,7233,11392,10701,-691,0,121,0,292,0,413,0,-413
PB,31,2020-07-26,906,3358,2562,8438,7233,11796,10701,-1095,0,110,0,294,0,404,0,-404
PB,32,2020-08-02,906,3455,2562,8727,7233,12182,10701,-1481,0,97,0,289,0,386,0,-386
PB,33,2020-08-09,906,3553,2562,8999,7233,12552,10701,-1851,0,98,0,272,0,370,0,-370
PB,34,2020-08-16,906,3667,2562,9254,7233,12921,10701,-2220,0,114,0,255,0,369,0,-369
PB,35,2020-08-23,906,3771,2562,9556,7233,13327,10701,-2626,0,104,0,302,0,406,0,-406
PB,36,2020-08-30,906,3868,2562,9837,7233,13705,10701,-3004,0,97,0,281,0,378,0,-378
PB,37,2020-09-06,906,3982,2562,10083,7233,14065,10701,-3364,0,114,0,246,0,360,0,-360
PB,38,2020-09-13,906,4076,2562,10333,7233,14409,10701,-3708,0,94,0,250,0,344,0,-344
PB,39,2020-09-20,906,4194,2562,10619,7233,14813,10701,-4112,0,118,0,286,0,404,0,-404
PB,40,2020-09-27,906,4300,2562,10847,7233,15147,10701,-4446,0,106,0,228,0,334,0,-334
PB,41,2020-10-04,906,4412,2562,11118,7233,15530,10701,-4829,0,112,0,271,0,383,0,-383
PB,42,2020-10-11,906,4508,2562,11352,7233,15860,10701,-5159,0,96,0,234,0,330,0,-330
PB,43,2020-10-18,906,4604,2562,11605,7233,16209,10701,-5508,0,96,0,253,0,349,0,-349
PB,44,2020-10-25,906,4707,2562,11867,7233,16574,10701,-5873,0,103,0,262,0,365,0,-365
PB,45,2020-11-01,906,4823,2562,12132,7233,16955,10701,-6254,0,116,0,265,0,381,0,-381
PB,46,2020-11-08,906,4910,2562,12406,7233,17316,10701,-6615,0,87,0,274,0,361,0,-361
PB,47,2020-11-15,906,4998,2562,12650,7233,17648,10701,-6947,0,88,0,244,0,332,0,-332
PB,48,2020-11-22,906,5095,2562,12923,7233,18018,10701,-7317,0,97,0,273,0,370,0,-370
PB,49,2020-11-29,906,5192,2562,13207,7233,18399,10701,-7698,0,97,0,284,0,381,0,-381
PB,50,2020-12-06,906,5275,2562,13464,7233,18739,10701,-8038,0,83,0,257,0,340,0,-340
PB,51,2020-12-13,906,5370,2562,13698,7233,19068,10701,-8367,0,95,0,234,0,329,0,-329
PB,52,2020-12-20,906,5464,2562,13937,7233,19401,10701,-8700,0,94,0,239,0,333,0,-333
PB,53,2020-12-27,906,5521,2562,14119,7233,19640,10701,-8939,0,57,0,182,0,239,0,-239
PE,1,2020-01-01,0,7,5,43,28,50,33,-17,0,7,5,43,28,50,33,-17
PE,2,2020-01-05,0,17,11,90,70,107,81,-26,0,10,6,47,42,57,48,-9
PE,3,2020-01-12,0,25,23,157,125,182,148,-34,0,8,12,67,55,75,67,-8
PE,4,2020-01-19,0,37,30,213,176,250,206,-44,0,12,7,56,51,68,58,-10
PE,5,2020-01-26,0,50,35,262,218,312,253,-59,0,13,5,49,42,62,47,-15
PE,6,2020-02-02,0,58,47,319,266,377,313,-64,0,8,12,57,48,65,60,-5
PE,7,2020-02-09,0,69,58,371,319,440,377,-63,0,11,11,52,53,63,64,1
PE,8,2020-02-16,0,81,65,416,359,497,424,-73,0,12,7,45,40,57,47,-10
PE,9,2020-02-23,0,90,81,465,413,555,494,-61,0,9,16,49,54,58,70,12
PE,10,2020-03-01,0,97,93,522,474,619,567,-52,0,7,12,57,61,64,73,9
PE,11,2020-03-08,0,105,103,578,518,683,621,-62,0,8,10,56,44,64,54,-10
PE,12,2020-03-15,0,119,111,642,562,761,673,-88,0,14,8,64,44,78,52,-26
PE,13,2020-03-22,0,130,120,689,613,819,733,-86,0,11,9,47,51,58,60,2
PE,14,2020-03-29,0,137,137,728,663,865,800,-65,0,7,17,39,50,46,67,21
PE,15,2020-04-05,0,149,151,776,718,925,869,-56,0,12,14,48,55,60,69,9
PE,16,2020-04-12,1,161,169,825,766,986,936,-50,1,12,18,49,48,61,67,6
PE,17,2020-04-19,3,174,179,870,817,1044,999,-45,2,13,10,45,51,58,63,5
PE,18,2020-04-26,8,182,185,928,858,1110,1051,-59,5,8,6,58,41,66,52,-14
PE,19,2020-05-03,17,198,208,976,919,1174,1144,-30,9,16,23,48,61,64,93,29
PE,20,2020-05-10,27,208,230,1014,973,1222,1230,8,10,10,22,38,54,48,86,38
PE,21,2020-05-17,45,221,246,1080,1028,1301,1319,18,18,13,16,66,55,79,89,10
PE,22,2020-05-24,62,230,258,1139,1086,1369,1406,37,17,9,12,59,58,68,87,19
PE,23,2020-05-31,76,243,265,1190,1145,1433,1486,53,14,13,7,51,59,64,80,16
PE,24,2020-06-07,86,260,279,1235,1204,1495,1569,74,10,17,14,45,59,62,83,21
PE,25,2020-06-14,93,275,296,1282,1264,1557,1653,96,7,15,17,47,60,62,84,22
PE,26,2020-06-21,106,282,307,1344,1312,1626,1725,99,13,7,11,62,48,69,72,3
PE,27,2020-06-28,115,290,318,1389,1347,1679,1780,101,9,8,11,45,35,53,55,2
PE,28,2020-07-05,120,302,326,1447,1366,1749,1812,63,5,12,8,58,19,70,32,-38
PE,29,2020-07-12,121,312,328,1491,1372,1803,1821,18,1,10,2,44,6,54,9,-45
PE,30,2020-07-19,121,324,328,1541,1372,1865,1821,-44,0,12,0,50,0,62,0,-62
PE,31,2020-07-26,121,338,328,1592,1372,1930,1821,-109,0,14,0,51,0,65,0,-65
PE,32,2020-08-02,121,351,328,1648,1372,1999,1821,-178,0,13,0,56,0,69,0,-69
PE,33,2020-08-09,121,363,328,1692,1372,2055,1821,-234,0,12,0,44,0,56,0,-56
PE,34,2020-08-16,121,376,328,1740,1372,2116,1821,-295,0,13,0,48,0,61,0,-61
PE,35,2020-08-23,121,384,328,1787,1372,2171,1821,-350,0,8,0,47,0,55,0,-55
PE,36,2020-08-30,121,393,328,1836,1372,2229,1821,-408,0,9,0,49,0,58,0,-58
PE,37,2020-09-06,121,407,328,1883,1372,2290,1821,-469,0,14,0,47,0,61,0,-61
PE,38,2020-09-13,121,423,328,1915,1372,2338,1821,-517,0,16,0,32,0,48,0,-48
PE,39,2020-09-20,121,435,328,1966,1372,2401,1821,-580,0,12,0,51,0,63,0,-63
PE,40,2020-09-27,121,445,328,2006,1372,2451,1821,-630,0,10,0,40,0,50,0,-50
PE,41,2020-10-04,121,451,328,2055,1372,2506,1821,-685,0,6,0,49,0,55,0,-55
PE,42,2020-10-11,121,460,328,2107,1372,2567,1821,-746,0,9,0,52,0,61,0,-61
PE,43,2020-10-18,121,476,328,2168,1372,2644,1821,-823,0,16,0,61,0,77,0,-77
PE,44,2020-10-25,121,487,328,2212,1372,2699,1821,-878,0,11,0,44,0,55,0,-55
PE,45,2020-11-01,121,493,328,2252,1372,2745,1821,-924,0,6,0,40,0,46,0,-46
PE,46,2020-11-08,121,507,328,2281,1372,2788,1821,-967,0,14,0,29,0,43,0,-43
PE,47,2020-11-15,121,522,328,2328,1372,2850,1821,-1029,0,15,0,47,0,62,0,-62
PE,48,2020-11-22,121,535,328,2385,1372,2920,1821,-1099,0,13,0,57,0,70,0,-70
PE,49,2020-11-29,121,549,328,2428,1372,2977,1821,-1156,0,14,0,43,0,57,0,-57
PE,50,2020-12-06,121,558,328,2473,1372,3031,1821,-1210,0,9,0,45,0,54,0,-54
PE,51,2020-12-13,121,566,328,2523,1372,3089,1821,-1268,0,8,0,50,0,58,0,-58
PE,52,2020-12-20,121,586,328,2557,1372,3143,1821,-1322,0,20,0,34,0,54,0,-54
PE,53,2020-12-27,121,593,328,2593,1372,3186,1821,-1365,0,7,0,36,0,43,0,-43
PI,1,2020-01-01,0,42,38,94,89,136,127,-9,0,42,38,94,89,136,127,-9
PI,2,2020-01-05,0,121,101,262,244,383,345,-38,0,79,63,168,155,247,218,-29
PI,3,2020-01-12,0,217,160,446,362,663,522,-141,0,96,59,184,118,280,177,-103
PI,4,2020-01-19,0,286,231,594,508,880,739,-141,0,69,71,148,146,217,217,0
PI,5,2020-01-26,0,363,307,754,651,1117,958,-159,0,77,76,160,143,237,219,-18
PI,6,2020-02-02,0,436,366,910,827,1346,1193,-153,0,73,59,156,176,229,235,6
PI,7,2020-02-09,0,519,443,1072,995,1591,1438,-153,0,83,77,162,168,245,245,0
PI,8,2020-02-16,0,598,508,1264,1133,1862,1641,-221,0,79,65,192,138,271,203,-68
PI,9,2020-02-23,0,676,573,1394,1288,2070,1861,-209,0,78,65,130,155,208,220,12
PI,10,2020-03-01,0,755,648,1553,1421,2308,2069,-239,0,79,75,159,133,238,208,-30
PI,11,2020-03-08,0,856,721,1722,1569,2578,2290,-288,0,101,73,169,148,270,221,-49
PI,12,2020-03-15,0,941,807,1896,1725,2837,2532,-305,0,85,86,174,156,259,242,-17
PI,13,2020-03-22,2,1024,894,2073,1895,3097,2791,-306,2,83,87,177,170,260,259,-1
PI,14,2020-03-29,4,1106,996,2251,2065,3357,3065,-292,2,82,102,178,170,260,274,14
PI,15,2020-04-05,7,1194,1065,2436,2248,3630,3320,-310,3,88,69,185,183,273,255,-18
PI,16,2020-04-12,10,1302,1130,2614,2406,3916,3546,-370,3,108,65,178,158,286,226,-60
PI,17,2020-04-19,17,1409,1186,2791,2567,4200,3770,-430,7,107,56,177,161,284,224,-60
PI,18,2020-04-26,25,1509,1246,2974,2723,4483,3994,-489,8,100,60,183,156,283,224,-59
PI,19,2020-05-03,37,1622,1299,3167,2878,4789,4214,-575,12,113,53,193,155,306,220,-86
PI,20,2020-05-10,52,1725,1362,3330,3015,5055,4429,-626,15,103,63,163,137,266,215,-51
PI,21,2020-05-17,78,1808,1404,3499,3154,5307,4636,-671,26,83,42,169,139,252,207,-45
PI,22,2020-05-24,113,1921,1468,3653,3286,5574,4867,-707,35,113,64,154,132,267,231,-36
PI,23,2020-05-31,172,2026,1533,3810,3456,5836,5161,-675,59,105,65,157,170,262,294,32
PI,24,2020-06-07,211,2130,1580,3965,3580,6095,5371,-724,39,104,47,155,124,259,210,-49
PI,25,2020-06-14,270,2218,1636,4132,3675,6350,5581,-769,59,88,56,167,95,255,210,-45
PI,26,2020-06-21,322,2315,1665,4298,3774,6613,5761,-852,52,97,29,166,99,263,180,-83
PI,27,2020-06-28,352,2408,1690,4482,3839,6890,5881,-1009,30,93,25,184,65,277,120,-157
PI,28,2020-07-05,366,2498,1700,4657,3863,7155,5929,-1226,14,90,10,175,24,265,48,-217
PI,29,2020-07-12,366,2571,1700,4828,3865,7399,5931,-1468,0,73,0,171,2,244,2,-242
PI,30,2020-07-19,366,2652,1700,4978,3865,7630,5931,-1699,0,81,0,150,0,231,0,-231
PI,31,2020-07-26,366,2731,1700,5133,3865,7864,5931,-1933,0,79,0,155,0,234,0,-234
PI,32,2020-08-02,366,2800,1700,5279,3865,8079,5931,-2148,0,69,0,146,0,215,0,-215
PI,33,2020-08-09,366,2880,1700,5446,3865,8326,5931,-2395,0,80,0,167,0,247,0,-247
PI,34,2020-08-16,366,2950,1700,5610,3865,8560,5931,-2629,0,70,0,164,0,234,0,-234
PI,35,2020-08-23,366,3016,1700,5778,3865,8794,5931,-2863,0,66,0,168,0,234,0,-234
PI,36,2020-08-30,366,3084,1700,5921,3865,9005,5931,-3074,0,68,0,143,0,211,0,-211
PI,37,2020-09-06,366,3168,1700,6096,3865,9264,5931,-3333,0,84,0,175,0,259,0,-259
PI,38,2020-09-13,366,3245,1700,6262,3865,9507,5931,-3576,0,77,0,166,0,243,0,-243
PI,39,2020-09-20,366,3339,1700,6415,3865,9754,5931,-3823,0,94,0,153,0,247,0,-247
PI,40,2020-09-27,366,3427,1700,6573,3865,10000,5931,-4069,0,88,0,158,0,246,0,-246
PI,41,2020-10-04,366,3516,1700,6724,3865,10240,5931,-4309,0,89,0,151,0,240,0,-240
PI,42,2020-10-11,366,3604,1700,6883,3865,10487,5931,-4556,0,88,0,159,0,247,0,-247
PI,43,2020-10-18,366,3692,1700,7025,3865,10717,5931,-4786,0,88,0,142,0,230,0,-230
PI,44,2020-10-25,366,3764,1700,7204,3865,10968,5931,-5037,0,72,0,179,0,251,0,-251
PI,45,2020-11-01,366,3836,1700,7354,3865,11190,5931,-5259,0,72,0,150,0,222,0,-222
PI,46,2020-11-08,366,3910,1700,7497,3865,11407,5931,-5476,0,74,0,143,0,217,0,-217
PI,47,2020-11-15,366,3987,1700,7662,3865,11649,5931,-5718,0,77,0,165,0,242,0,-242
PI,48,2020-11-22,366,4073,1700,7815,3865,11888,5931,-5957,0,86,0,153,0,239,0,-239
PI,49,2020-11-29,366,4143,1700,7970,3865,12113,5931,-6182,0,70,0,155,0,225,0,-225
PI,50,2020-12-06,366,4199,1700,8130,3865,12329,5931,-6398,0,56,0,160,0,216,0,-216
PI,51,2020-12-13,366,4271,1700,8251,3865,12522,5931,-6591,0,72,0,121,0,193,0,-193
PI,52,2020-12-20,366,4334,1700,8389,3865,12723,5931,-6792,0,63,0,138,0,201,0,-201
PI,53,2020-12-27,366,4387,1700,8488,3865,12875,5931,-6944,0,53,0,99,0,152,0,-152
PR,1,2020-01-01,0,165,178,504,463,669,641,-28,0,165,178,504,463,669,641,-28
PR,2,2020-01-05,0,445,512,1320,1361,1765,1873,108,0,280,334,816,898,1096,1232,136
PR,3,2020-01-12,0,716,833,2194,2164,2910,2997,87,0,271,321,874,803,1145,1124,-21
PR,4,2020-01-19,0,1012,1120,3069,2953,4081,4073,-8,0,296,287,875,789,1171,1076,-95
PR,5,2020-01-26,0,1315,1455,3908,3815,5223,5270,47,0,303,335,839,862,1142,1197,55
PR,6,2020-02-02,0,1634,1752,4747,4676,6381,6428,47,0,319,297,839,861,1158,1158,0
PR,7,2020-02-09,0,1936,2029,5562,5555,7498,7584,86,0,302,277,815,879,1117,1156,39
PR,8,2020-02-16,0,2202,2339,6329,6446,8531,8785,254,0,266,310,767,891,1033,1201,168
PR,9,2020-02-23,0,2443,2650,7001,7296,9444,9946,502,0,241,311,672,850,913,1161,248
PR,10,2020-03-01,0,2718,2952,7888,8231,10606,11183,577,0,275,302,887,935,1162,1237,75
PR,11,2020-03-08,0,3031,3277,8716,9134,11747,12411,664,0,313,325,828,903,1141,1228,87
PR,12,2020-03-15,1,3331,3647,9532,10059,12863,13707,844,1,300,370,816,925,1116,1296,180
PR,13,2020-03-22,2,3612,4005,10353,10903,13965,14910,945,1,281,358,821,844,1102,1203,101
PR,14,2020-03-29,15,3923,4311,11212,11767,15135,16093,958,13,311,306,859,864,1170,1183,13
PR,15,2020-04-05,43,4251,4639,12078,12639,16329,17321,992,28,328,328,866,872,1194,1228,34
PR,16,2020-04-12,82,4582,4916,12929,13543,17511,18541,1030,39,331,277,851,904,1182,1220,38
PR,17,2020-04-19,143,4860,5199,13765,14353,18625,19695,1070,61,278,283,836,810,1114,1154,40
PR,18,2020-04-26,218,5202,5479,14632,15148,19834,20845,1011,75,342,280,867,795,1209,1150,-59
PR,19,2020-05-03,284,5548,5734,15470,16006,21018,22024,1006,66,346,255,838,858,1184,1179,-5
PR,20,2020-05-10,371,5893,5992,16411,16859,22304,23222,918,87,345,258,941,853,1286,1198,-88
PR,21,2020-05-17,474,6246,6233,17399,17709,23645,24416,771,103,353,241,988,850,1341,1194,-147
PR,22,2020-05-24,580,6615,6493,18402,18568,25017,25641,624,106,369,260,1003,859,1372,1225,-147
PR,23,2020-05-31,720,6967,6738,19323,19518,26290,26976,686,140,352,245,921,950,1273,1335,62
PR,24,2020-06-07,873,7373,7023,20331,20470,27704,28366,662,153,406,285,1008,952,1414,1390,-24
PR,25,2020-06-14,1042,7777,7291,21258,21323,29035,29656,621,169,404,268,927,853,1331,1290,-41
PR,26,2020-06-21,1239,8179,7510,22251,22179,30430,30928,498,197,402,219,993,856,1395,1272,-123
PR,27,2020-06-28,1482,8602,7735,23209,22989,31811,32206,395,243,423,225,958,810,1381,1278,-103
PR,28,2020-07-05,1707,9015,7934,24244,23781,33259,33422,163,225,413,199,1035,792,1448,1216,-232
PR,29,2020-07-12,1759,9441,7989,25231,23984,34672,33732,-940,52,426,55,987,203,1413,310,-1103
PR,30,2020-07-19,1759,9897,7989,26211,23984,36108,33732,-2376,0,456,0,980,0,1436,0,-1436
PR,31,2020-07-26,1759,10289,7989,27163,23984,37452,33732,-3720,0,392,0,952,0,1344,0,-1344
PR,32,2020-08-02,1759,10715,7989,28020,23984,38735,33732,-5003,0,426,0,857,0,1283,0,-1283
PR,33,2020-08-09,1759,11087,7989,28949,23984,40036,33732,-6304,0,372,0,929,0,1301,0,-1301
PR,34,2020-08-16,1759,11458,7989,29887,23984,41345,33732,-7613,0,371,0,938,0,1309,0,-1309
PR,35,2020-08-23,1759,11837,7989,30758,23984,42595,33732,-8863,0,379,0,871,0,1250,0,-1250
PR,36,2020-08-30,1759,12240,7989,31709,23984,43949,33732,-10217,0,403,0,951,0,1354,0,-1354
PR,37,2020-09-06,1759,12647,7989,32717,23984,45364,33732,-11632,0,407,0,1008,0,1415,0,-1415
PR,38,2020-09-13,1759,13055,7989,33585,23984,46640,33732,-12908,0,408,0,868,0,1276,0,-1276
PR,39,2020-09-20,1759,13392,7989,34404,23984,47796,33732,-14064,0,337,0,819,0,1156,0,-1156
PR,40,2020-09-27,1759,13715,7989,35302,23984,49017,33732,-15285,0,323,0,898,0,1221,0,-1221
PR,41,2020-10-04,1759,14041,7989,36115,23984,50156,33732,-16424,0,326,0,813,0,1139,0,-1139
PR,42,2020-10-11,1759,14406,7989,37036,23984,51442,33732,-17710,0,365,0,921,0,1286,0,-1286
PR,43,2020-10-18,1759,14738,7989,37823,23984,52561,33732,-18829,0,332,0,787,0,1119,0,-1119
PR,44,2020-10-25,1759,15097,7989,38703,23984,53800,33732,-20068,0,359,0,880,0,1239,0,-1239
PR,45,2020-11-01,1759,15458,7989,39634,23984,55092,33732,-21360,0,361,0,931,0,1292,0,-1292
PR,46,2020-11-08,1759,15752,7989,40489,23984,56241,33732,-22509,0,294,0,855,0,1149,0,-1149
PR,47,2020-11-15,1759,16026,7989,41362,23984,57388,33732,-23656,0,274,0,873,0,1147,0,-1147
PR,48,2020-11-22,1759,16332,7989,42204,23984,58536,33732,-24804,0,306,0,842,0,1148,0,-1148
PR,49,2020-11-29,1759,16628,7989,43082,23984,59710,33732,-25978,0,296,0,878,0,1174,0,-1174
PR,50,2020-12-06,1759,16913,7989,43945,23984,60858,33732,-27126,0,285,0,863,0,1148,0,-1148
PR,51,2020-12-13,1759,17222,7989,44758,23984,61980,33732,-28248,0,309,0,813,0,1122,0,-1122
PR,52,2020-12-20,1759,17530,7989,45665,23984,63195,33732,-29463,0,308,0,907,0,1215,0,-1215
PR,53,2020-12-27,1759,17764,7989,46277,23984,64041,33732,-30309,0,234,0,612,0,846,0,-846
RJ,1,2020-01-01,0,252,288,834,784,1086,1072,-14,0,252,288,834,784,1086,1072,-14
RJ,2,2020-01-05,0,746,746,2228,2126,2974,2872,-102,0,494,458,1394,1342,1888,1800,-88
RJ,3,2020-01-12,0,1216,1219,3667,3506,4883,4725,-158,0,470,473,1439,1380,1909,1853,-56
RJ,4,2020-01-19,0,1701,1680,5187,4736,6888,6416,-472,0,485,461,1520,1230,2005,1691,-314
RJ,5,2020-01-26,0,2178,2185,6706,6036,8884,8221,-663,0,477,505,1519,1300,1996,1805,-191
RJ,6,2020-02-02,0,2620,2660,8168,7362,10788,10022,-766,0,442,475,1462,1326,1904,1801,-103
RJ,7,2020-02-09,0,3085,3100,9529,8682,12614,11782,-832,0,465,440,1361,1320,1826,1760,-66
RJ,8,2020-02-16,0,3490,3538,10826,10045,14316,13583,-733,0,405,438,1297,1363,1702,1801,99
RJ,9,2020-02-23,0,3824,4017,12015,11327,15839,15344,-495,0,334,479,1189,1282,1523,1761,238
RJ,10,2020-03-01,0,4242,4491,13378,12740,17620,17231,-389,0,418,474,1363,1413,1781,1887,106
RJ,11,2020-03-08,0,4657,4988,14658,14077,19315,19065,-250,0,415,497,1280,1337,1695,1834,139
RJ,12,2020-03-15,2,5084,5561,15982,15505,21066,21068,2,2,427,573,1324,1428,1751,2003,252
RJ,13,2020-03-22,15,5508,6025,17206,16813,22714,22853,139,13,424,464,1224,1308,1648,1785,137
RJ,14,2020-03-29,113,5968,6529,18455,18168,24423,24810,387,98,460,504,1249,1355,1709,1957,248
RJ,15,2020-04-05,306,6437,7054,19850,19507,26287,26867,580,193,469,525,1395,1339,1864,2057,193
RJ,16,2020-04-12,636,6937,7735,21287,20872,28224,29243,1019,330,500,681,1437,1365,1937,2376,439
RJ,17,2020-04-19,1280,7457,8537,22756,22372,30213,32189,1976,644,520,802,1469,1500,1989,2946,957
RJ,18,2020-04-26,2294,7967,9357,24129,24012,32096,35663,3567,1014,510,820,1373,1640,1883,3474,1591
RJ,19,2020-05-03,3489,8479,10147,25678,25620,34157,39256,5099,1195,512,790,1549,1608,2061,3593,1532
RJ,20,2020-05-10,4642,8999,10866,27146,27149,36145,42657,6512,1153,520,719,1468,1529,1988,3401,1413
RJ,21,2020-05-17,5615,9581,11422,28694,28528,38275,45565,7290,973,582,556,1548,1379,2130,2908,778
RJ,22,2020-05-24,6525,10165,11948,30205,29864,40370,48337,7967,910,584,526,1511,1336,2095,2772,677
RJ,23,2020-05-31,7257,10712,12460,31671,31155,42383,50872,8489,732,547,512,1466,1291,2013,2535,522
RJ,24,2020-06-07,7851,11273,12934,33210,32343,44483,53128,8645,594,561,474,1539,1188,2100,2256,156
RJ,25,2020-06-14,8335,11856,13373,34682,33574,46538,55282,8744,484,583,439,1472,1231,2055,2154,99
RJ,26,2020-06-21,8718,12407,13746,36085,34782,48492,57246,8754,383,551,373,1403,1208,1954,1964,10
RJ,27,2020-06-28,9067,12912,14129,37533,35889,50445,59085,8640,349,505,383,1448,1107,1953,1839,-114
RJ,28,2020-07-05,9364,13381,14473,38919,36920,52300,60757,8457,297,469,344,1386,1031,1855,1672,-183
RJ,29,2020-07-12,9451,13889,14589,40420,37197,54309,61237,6928,87,508,116,1501,277,2009,480,-1529
RJ,30,2020-07-19,9451,14399,14589,41975,37197,56374,61237,4863,0,510,0,1555,0,2065,0,-2065
RJ,31,2020-07-26,9451,14939,14589,43370,37197,58309,61237,2928,0,540,0,1395,0,1935,0,-1935
RJ,32,2020-08-02,9451,15426,14589,44798,37197,60224,61237,1013,0,487,0,1428,0,1915,0,-1915
RJ,33,2020-08-09,9451,15924,14589,46186,37197,62110,61237,-873,0,498,0,1388,0,1886,0,-1886
RJ,34,2020-08-16,9451,16413,14589,47539,37197,63952,61237,-2715,0,489,0,1353,0,1842,0,-1842
RJ,35,2020-08-23,9451,16907,14589,48895,37197,65802,61237,-4565,0,494,0,1356,0,1850,0,-1850
RJ,36,2020-08-30,9451,17361,14589,50295,37197,67656,61237,-6419,0,454,0,1400,0,1854,0,-1854
RJ,37,2020-09-06,9451,17840,14589,51753,37197,69593,61237,-8356,0,479,0,1458,0,1937,0,-1937
RJ,38,2020-09-13,9451,18346,14589,53097,37197,71443,61237,-10206,0,506,0,1344,0,1850,0,-1850
RJ,39,2020-09-20,9451,18787,14589,54364,37197,73151,61237,-11914,0,441,0,1267,0,1708,0,-1708
RJ,40,2020-09-27,9451,19208,14589,55661,37197,74869,61237,-13632,0,421,0,1297,0,1718,0,-1718
RJ,41,2020-10-04,9451,19699,14589,56933,37197,76632,61237,-15395,0,491,0,1272,0,1763,0,-1763
RJ,42,2020-10-11,9451,20182,14589,58262,37197,78444,61237,-17207,0,483,0,1329,0,1812,0,-1812
RJ,43,2020-10-18,9451,20630,14589,59512,37197,80142,61237,-18905,0,448,0,1250,0,1698,0,-1698
RJ,44,2020-10-25,9451,21111,14589,60803,37197,81914,61237,-20677,0,481,0,1291,0,1772,0,-1772
RJ,45,2020-11-01,9451,21578,14589,62025,37197,83603,61237,-22366,0,467,0,1222,0,1689,0,-1689
RJ,46,2020-11-08,9451,22085,14589,63283,37197,85368,61237,-24131,0,507,0,1258,0,1765,0,-1765
RJ,47,2020-11-15,9451,22535,14589,64576,37197,87111,61237,-25874,0,450,0,1293,0,1743,0,-1743
RJ,48,2020-11-22,9451,23019,14589,65922,37197,88941,61237,-27704,0,484,0,1346,0,1830,0,-1830
RJ,49,2020-11-29,9451,23462,14589,67242,37197,90704,61237,-29467,0,443,0,1320,0,1763,0,-1763
RJ,50,2020-12-06,9451,23926,14589,68583,37197,92509,61237,-31272,0,464,0,1341,0,1805,0,-1805
RJ,51,2020-12-13,9451,24398,14589,69931,37197,94329,61237,-33092,0,472,0,1348,0,1820,0,-1820
RJ,52,2020-12-20,9451,24867,14589,71328,37197,96195,61237,-34958,0,469,0,1397,0,1866,0,-1866
RJ,53,2020-12-27,9451,25195,14589,72308,37197,97503,61237,-36266,0,328,0,980,0,1308,0,-1308
RN,1,2020-01-01,0,48,32,107,104,155,136,-19,0,48,32,107,104,155,136,-19
RN,2,2020-01-05,0,114,94,256,288,370,382,12,0,66,62,149,184,215,246,31
RN,3,2020-01-12,0,206,152,441,489,647,641,-6,0,92,58,185,201,277,259,-18
RN,4,2020-01-19,0,282,240,634,697,916,937,21,0,76,88,193,208,269,296,27
RN,5,2020-01-26,0,352,301,792,900,1144,1201,57,0,70,61,158,203,228,264,36
RN,6,2020-02-02,0,420,377,948,1103,1368,1480,112,0,68,76,156,203,224,279,55
RN,7,2020-02-09,0,488,454,1111,1279,1599,1733,134,0,68,77,163,176,231,253,22
RN,8,2020-02-16,0,554,526,1285,1465,1839,1991,152,0,66,72,174,186,240,258,18
RN,9,2020-02-23,0,631,612,1421,1645,2052,2257,205,0,77,86,136,180,213,266,53
RN,10,2020-03-01,0,711,697,1606,1832,2317,2529,212,0,80,85,185,187,265,272,7
RN,11,2020-03-08,0,786,788,1794,2013,2580,2801,221,0,75,91,188,181,263,272,9
RN,12,2020-03-15,0,861,869,1983,2173,2844,3042,198,0,75,81,189,160,264,241,-23
RN,13,2020-03-22,5,945,961,2166,2361,3111,3327,216,5,84,92,183,188,267,285,18
RN,14,2020-03-29,7,1034,1046,2352,2537,3386,3590,204,2,89,85,186,176,275,263,-12
RN,15,2020-04-05,17,1119,1115,2543,2705,3662,3837,175,10,85,69,191,168,276,247,-29
RN,16,2020-04-12,19,1220,1194,2760,2888,3980,4101,121,2,101,79,217,183,318,264,-54
RN,17,2020-04-19,23,1311,1273,2972,3068,4283,4364,81,4,91,79,212,180,303,263,-40
RN,18,2020-04-26,38,1425,1333,3162,3253,4587,4624,37,15,114,60,190,185,304,260,-44
RN,19,2020-05-03,53,1519,1397,3370,3434,4889,4884,-5,15,94,64,208,181,302,260,-42
RN,20,2020-05-10,92,1613,1477,3567,3617,5180,5186,6,39,94,80,197,183,291,302,11
RN,21,2020-05-17,147,1703,1561,3775,3804,5478,5512,34,55,90,84,208,187,298,326,28
RN,22,2020-05-24,231,1798,1632,3944,4027,5742,5890,148,84,95,71,169,223,264,378,114
RN,23,2020-05-31,343,1887,1680,4107,4225,5994,6248,254,112,89,48,163,198,252,358,106
RN,24,2020-06-07,476,1987,1765,4291,4429,6278,6670,392,133,100,85,184,204,284,422,138
RN,25,2020-06-14,628,2077,1836,4498,4621,6575,7085,510,152,90,71,207,192,297,415,118
RN,26,2020-06-21,776,2154,1894,4695,4801,6849,7471,622,148,77,58,197,180,274,386,112
RN,27,2020-06-28,877,2251,1934,4898,4929,7149,7740,591,101,97,40,203,128,300,269,-31
RN,28,2020-07-05,916,2338,1949,5134,4988,7472,7853,381,39,87,15,236,59,323,113,-210
RN,29,2020-07-12,916,2420,1949,5312,4995,7732,7860,128,0,82,0,178,7,260,7,-253
RN,30,2020-07-19,916,2496,1949,5504,4995,8000,7860,-140,0,76,0,192,0,268,0,-268
RN,31,2020-07-26,916,2568,1949,5687,4995,8255,7860,-395,0,72,0,183,0,255,0,-255
RN,32,2020-08-02,916,2638,1949,5881,4995,8519,7860,-659,0,70,0,194,0,264,0,-264
RN,33,2020-08-09,916,2714,1949,6052,4995,8766,7860,-906,0,76,0,171,0,247,0,-247
RN,34,2020-08-16,916,2791,1949,6239,4995,9030,7860,-1170,0,77,0,187,0,264,0,-264
RN,35,2020-08-23,916,2857,1949,6432,4995,9289,7860,-1429,0,66,0,193,0,259,0,-259
RN,36,2020-08-30,916,2923,1949,6630,4995,9553,7860,-1693,0,66,0,198,0,264,0,-264
RN,37,2020-09-06,916,3003,1949,6813,4995,9816,7860,-1956,0,80,0,183,0,263,0,-263
RN,38,2020-09-13,916,3067,1949,6983,4995,10050,7860,-2190,0,64,0,170,0,234,0,-234
RN,39,2020-09-20,916,3139,1949,7172,4995,10311,7860,-2451,0,72,0,189,0,261,0,-261
RN,40,2020-09-27,916,3216,1949,7364,4995,10580,7860,-2720,0,77,0,192,0,269,0,-269
RN,41,2020-10-04,916,3279,1949,7530,4995,10809,7860,-2949,0,63,0,166,0,229,0,-229
RN,42,2020-10-11,916,3332,1949,7719,4995,11051,7860,-3191,0,53,0,189,0,242,0,-242
RN,43,2020-10-18,916,3403,1949,7894,4995,11297,7860,-3437,0,71,0,175,0,246,0,-246
RN,44,2020-10-25,916,3480,1949,8066,4995,11546,7860,-3686,0,77,0,172,0,249,0,-249
RN,45,2020-11-01,916,3535,1949,8250,4995,11785,7860,-3925,0,55,0,184,0,239,0,-239
RN,46,2020-11-08,916,3600,1949,8428,4995,12028,7860,-4168,0,65,0,178,0,243,0,-243
RN,47,2020-11-15,916,3666,1949,8575,4995,12241,7860,-4381,0,66,0,147,0,213,0,-213
RN,48,2020-11-22,916,3733,1949,8770,4995,12503,7860,-4643,0,67,0,195,0,262,0,-262
RN,49,2020-11-29,916,3800,1949,8936,4995,12736,7860,-4876,0,67,0,166,0,233,0,-233
RN,50,2020-12-06,916,3876,1949,9100,4995,12976,7860,-5116,0,76,0,164,0,240,0,-240
RN,51,2020-12-13,916,3948,1949,9255,4995,13203,7860,-5343,0,72,0,155,0,227,0,-227
RN,52,2020-12-20,916,4017,1949,9432,4995,13449,7860,-5589,0,69,0,177,0,246,0,-246
RN,53,2020-12-27,916,4062,1949,9569,4995,13631,7860,-5771,0,45,0,137,0,182,0,-182
RO,1,2020-01-01,0,25,12,58,27,83,39,-44,0,25,12,58,27,83,39,-44
RO,2,2020-01-05,0,66,36,159,93,225,129,-96,0,41,24,101,66,142,90,-52
RO,3,2020-01-12,0,91,55,282,165,373,220,-153,0,25,19,123,72,148,91,-57
RO,4,2020-01-19,0,123,86,398,246,521,332,-189,0,32,31,116,81,148,112,-36
RO,5,2020-01-26,0,146,115,515,320,661,435,-226,0,23,29,117,74,140,103,-37
RO,6,2020-02-02,0,176,160,602,406,778,566,-212,0,30,45,87,86,117,131,14
RO,7,2020-02-09,0,209,185,713,504,922,689,-233,0,33,25,111,98,144,123,-21
RO,8,2020-02-16,0,240,218,818,598,1058,816,-242,0,31,33,105,94,136,127,-9
RO,9,2020-02-23,0,284,255,889,702,1173,957,-216,0,44,37,71,104,115,141,26
RO,10,2020-03-01,0,308,292,952,798,1260,1090,-170,0,24,37,63,96,87,133,46
RO,11,2020-03-08,0,335,329,1023,913,1358,1242,-116,0,27,37,71,115,98,152,54
RO,12,2020-03-15,0,361,382,1085,1025,1446,1407,-39,0,26,53,62,112,88,165,77
RO,13,2020-03-22,1,388,424,1157,1124,1545,1549,4,1,27,42,72,99,99,142,43
RO,14,2020-03-29,2,419,462,1240,1211,1659,1675,16,1,31,38,83,87,114,126,12
RO,15,2020-04-05,4,484,496,1354,1304,1838,1804,-34,2,65,34,114,93,179,129,-50
RO,16,2020-04-12,8,533,525,1466,1397,1999,1930,-69,4,49,29,112,93,161,126,-35
RO,17,2020-04-19,14,578,552,1598,1492,2176,2058,-118,6,45,27,132,95,177,128,-49
RO,18,2020-04-26,30,619,602,1713,1614,2332,2246,-86,16,41,50,115,122,156,188,32
RO,19,2020-05-03,53,663,632,1833,1725,2496,2410,-86,23,44,30,120,111,164,164,0
RO,20,2020-05-10,100,708,663,1932,1819,2640,2582,-58,47,45,31,99,94,144,172,28
RO,21,2020-05-17,170,755,701,2032,1932,2787,2803,16,70,47,38,100,113,147,221,74
RO,22,2020-05-24,250,790,734,2137,2061,2927,3045,118,80,35,33,105,129,140,242,102
RO,23,2020-05-31,257,841,755,2226,2159,3067,3171,104,7,51,21,89,98,140,126,-14
RO,24,2020-06-07,279,873,779,2333,2226,3206,3284,78,22,32,24,107,67,139,113,-26
RO,25,2020-06-14,302,895,796,2458,2286,3353,3384,31,23,22,17,125,60,147,100,-47
RO,26,2020-06-21,322,921,817,2552,2366,3473,3505,32,20,26,21,94,80,120,121,1
RO,27,2020-06-28,376,953,837,2651,2445,3604,3658,54,54,32,20,99,79,131,153,22
RO,28,2020-07-05,474,997,856,2759,2540,3756,3870,114,98,44,19,108,95,152,212,60
RO,29,2020-07-12,496,1037,871,2854,2569,3891,3936,45,22,40,15,95,29,135,66,-69
RO,30,2020-07-19,496,1079,871,2942,2569,4021,3936,-85,0,42,0,88,0,130,0,-130
RO,31,2020-07-26,496,1115,871,3035,2569,4150,3936,-214,0,36,0,93,0,129,0,-129
RO,32,2020-08-02,496,1140,871,3089,2569,4229,3936,-293,0,25,0,54,0,79,0,-79
RO,33,2020-08-09,496,1174,871,3167,2569,4341,3936,-405,0,34,0,78,0,112,0,-112
RO,34,2020-08-16,496,1199,871,3231,2569,4430,3936,-494,0,25,0,64,0,89,0,-89
RO,35,2020-08-23,496,1220,871,3296,2569,4516,3936,-580,0,21,0,65,0,86,0,-86
RO,36,2020-08-30,496,1264,871,3386,2569,4650,3936,-714,0,44,0,90,0,134,0,-134
RO,37,2020-09-06,496,1307,871,3495,2569,4802,3936,-866,0,43,0,109,0,152,0,-152
RO,38,2020-09-13,496,1343,871,3625,2569,4968,3936,-1032,0,36,0,130,0,166,0,-166
RO,39,2020-09-20,496,1382,871,3739,2569,5121,3936,-1185,0,39,0,114,0,153,0,-153
RO,40,2020-09-27,496,1412,871,3845,2569,5257,3936,-1321,0,30,0,106,0,136,0,-136
RO,41,2020-10-04,496,1440,871,3928,2569,5368,3936,-1432,0,28,0,83,0,111,0,-111
RO,42,2020-10-11,496,1485,871,4029,2569,5514,3936,-1578,0,45,0,101,0,146,0,-146
RO,43,2020-10-18,496,1503,871,4122,2569,5625,3936,-1689,0,18,0,93,0,111,0,-111
RO,44,2020-10-25,496,1527,871,4209,2569,5736,3936,-1800,0,24,0,87,0,111,0,-111
RO,45,2020-11-01,496,1558,871,4311,2569,5869,3936,-1933,0,31,0,102,0,133,0,-133
RO,46,2020-11-08,496,1591,871,4400,2569,5991,3936,-2055,0,33,0,89,0,122,0,-122
RO,47,2020-11-15,496,1617,871,4511,2569,6128,3936,-2192,0,26,0,111,0,137,0,-137
RO,48,2020-11-22,496,1653,871,4624,2569,6277,3936,-2341,0,36,0,113,0,149,0,-149
RO,49,2020-11-29,496,1697,871,4731,2569,6428,3936,-2492,0,44,0,107,0,151,0,-151
RO,50,2020-12-06,496,1734,871,4828,2569,6562,3936,-2626,0,37,0,97,0,134,0,-134
RO,51,2020-12-13,496,1775,871,4930,2569,6705,3936,-2769,0,41,0,102,0,143,0,-143
RO,52,2020-12-20,496,1800,871,5024,2569,6824,3936,-2888,0,25,0,94,0,119,0,-119
RO,53,2020-12-27,496,1828,871,5094,2569,6922,3936,-2986,0,28,0,70,0,98,0,-98
RR,1,2020-01-01,0,3,7,9,22,12,29,17,0,3,7,9,22,12,29,17
RR,2,2020-01-05,0,12,18,46,57,58,75,17,0,9,11,37,35,46,46,0
RR,3,2020-01-12,0,23,34,72,91,95,125,30,0,11,16,26,34,37,50,13
RR,4,2020-01-19,0,31,47,108,118,139,165,26,0,8,13,36,27,44,40,-4
RR,5,2020-01-26,0,35,56,136,150,171,206,35,0,4,9,28,32,32,41,9
RR,6,2020-02-02,0,42,64,161,174,203,238,35,0,7,8,25,24,32,32,0
RR,7,2020-02-09,0,50,74,182,208,232,282,50,0,8,10,21,34,29,44,15
RR,8,2020-02-16,0,63,82,196,241,259,323,64,0,13,8,14,33,27,41,14
RR,9,2020-02-23,0,67,89,213,271,280,360,80,0,4,7,17,30,21,37,16
RR,10,2020-03-01,0,77,101,235,304,312,405,93,0,10,12,22,33,32,45,13
RR,11,2020-03-08,0,84,107,257,334,341,441,100,0,7,6,22,30,29,36,7
RR,12,2020-03-15,1,92,124,287,371,379,496,117,1,8,17,30,37,38,55,17
RR,13,2020-03-22,1,99,133,321,399,420,533,113,0,7,9,34,28,41,37,-4
RR,14,2020-03-29,2,108,141,356,430,464,573,109,1,9,8,35,31,44,40,-4
RR,15,2020-04-05,3,116,152,384,469,500,624,124,1,8,11,28,39,36,51,15
RR,16,2020-04-12,3,128,160,410,500,538,663,125,0,12,8,26,31,38,39,1
RR,17,2020-04-19,3,141,172,438,527,579,702,123,0,13,12,28,27,41,39,-2
RR,18,2020-04-26,7,153,183,473,542,626,732,106,4,12,11,35,15,47,30,-17
RR,19,2020-05-03,14,163,196,506,560,669,770,101,7,10,13,33,18,43,38,-5
RR,20,2020-05-10,32,179,210,535,597,714,839,125,18,16,14,29,37,45,69,24
RR,21,2020-05-17,58,195,229,562,643,757,930,173,26,16,19,27,46,43,91,48
RR,22,2020-05-24,99,207,242,595,687,802,1028,226,41,12,13,33,44,45,98,53
RR,23,2020-05-31,134,214,254,628,706,842,1094,252,35,7,12,33,19,40,66,26
RR,24,2020-06-07,167,227,260,665,724,892,1151,259,33,13,6,37,18,50,57,7
RR,25,2020-06-14,197,250,265,692,753,942,1215,273,30,23,5,27,29,50,64,14
RR,26,2020-06-21,216,266,269,710,770,976,1255,279,19,16,4,18,17,34,40,6
RR,27,2020-06-28,235,278,270,736,784,1014,1289,275,19,12,1,26,14,38,34,-4
RR,28,2020-07-05,241,300,270,778,795,1078,1306,228,6,22,0,42,11,64,17,-47
RR,29,2020-07-12,242,317,271,812,796,1129,1309,180,1,17,1,34,1,51,3,-48
RR,30,2020-07-19,242,338,271,848,796,1186,1309,123,0,21,0,36,0,57,0,-57
RR,31,2020-07-26,242,359,271,879,796,1238,1309,71,0,21,0,31,0,52,0,-52
RR,32,2020-08-02,242,371,271,908,796,1279,1309,30,0,12,0,29,0,41,0,-41
RR,33,2020-08-09,242,383,271,935,796,1318,1309,-9,0,12,0,27,0,39,0,-39
RR,34,2020-08-16,242,401,271,967,796,1368,1309,-59,0,18,0,32,0,50,0,-50
RR,35,2020-08-23,242,412,271,997,796,1409,1309,-100,0,11,0,30,0,41,0,-41
RR,36,2020-08-30,242,424,271,1035,796,1459,1309,-150,0,12,0,38,0,50,0,-50
RR,37,2020-09-06,242,440,271,1072,796,1512,1309,-203,0,16,0,37,0,53,0,-53
RR,38,2020-09-13,242,457,271,1113,796,1570,1309,-261,0,17,0,41,0,58,0,-58
RR,39,2020-09-20,242,468,271,1144,796,1612,1309,-303,0,11,0,31,0,42,0,-42
RR,40,2020-09-27,242,482,271,1179,796,1661,1309,-352,0,14,0,35,0,49,0,-49
RR,41,2020-10-04,242,493,271,1207,796,1700,1309,-391,0,11,0,28,0,39,0,-39
RR,42,2020-10-11,242,500,271,1233,796,1733,1309,-424,0,7,0,26,0,33,0,-33
RR,43,2020-10-18,242,513,271,1257,796,1770,1309,-461,0,13,0,24,0,37,0,-37
RR,44,2020-10-25,242,524,271,1287,796,1811,1309,-502,0,11,0,30,0,41,0,-41
RR,45,2020-11-01,242,536,271,1317,796,1853,1309,-544,0,12,0,30,0,42,0,-42
RR,46,2020-11-08,242,546,271,1338,796,1884,1309,-575,0,10,0,21,0,31,0,-31
RR,47,2020-11-15,242,560,271,1374,796,1934,1309,-625,0,14,0,36,0,50,0,-50
RR,48,2020-11-22,242,577,271,1406,796,1983,1309,-674,0,17,0,32,0,49,0,-49
RR,49,2020-11-29,242,588,271,1441,796,2029,1309,-720,0,11,0,35,0,46,0,-46
RR,50,2020-12-06,242,594,271,1467,796,2061,1309,-752,0,6,0,26,0,32,0,-32
RR,51,2020-12-13,242,607,271,1494,796,2101,1309,-792,0,13,0,27,0,40,0,-40
RR,52,2020-12-20,242,611,271,1512,796,2123,1309,-814,0,4,0,18,0,22,0,-22
RR,53,2020-12-27,242,622,271,1535,796,2157,1309,-848,0,11,0,23,0,34,0,-34
RS,1,2020-01-01,0,238,200,622,648,860,848,-12,0,238,200,622,648,860,848,-12
RS,2,2020-01-05,0,606,615,1560,1711,2166,2326,160,0,368,415,938,1063,1306,1478,172
RS,3,2020-01-12,0,921,977,2509,2764,3430,3741,311,0,315,362,949,1053,1264,1415,151
RS,4,2020-01-19,0,1219,1338,3413,3803,4632,5141,509,0,298,361,904,1039,1202,1400,198
RS,5,2020-01-26,0,1653,1692,4541,4827,6194,6519,325,0,434,354,1128,1024,1562,1378,-184
RS,6,2020-02-02,0,2020,2052,5480,5885,7500,7937,437,0,367,360,939,1058,1306,1418,112
RS,7,2020-02-09,0,2357,2381,6428,6904,8785,9285,500,0,337,329,948,1019,1285,1348,63
RS,8,2020-02-16,0,2699,2705,7407,7961,10106,10666,560,0,342,324,979,1057,1321,1381,60
RS,9,2020-02-23,0,2981,3069,8248,8969,11229,12038,809,0,282,364,841,1008,1123,1372,249
RS,10,2020-03-01,0,3317,3415,9232,9997,12549,13412,863,0,336,346,984,1028,1320,1374,54
RS,11,2020-03-08,0,3682,3807,10217,11051,13899,14858,959,0,365,392,985,1054,1350,1446,96
RS,12,2020-03-15,0,4027,4208,11247,12097,15274,16305,1031,0,345,401,1030,1046,1375,1447,72
RS,13,2020-03-22,3,4361,4590,12255,13042,16616,17635,1019,3,334,382,1008,945,1342,1330,-12
RS,14,2020-03-29,21,4754,4924,13301,14034,18055,18979,924,18,393,334,1046,992,1439,1344,-95
RS,15,2020-04-05,40,5125,5273,14279,15029,19404,20342,938,19,371,349,978,995,1349,1363,14
RS,16,2020-04-12,58,5496,5611,15345,16024,20841,21693,852,18,371,338,1066,995,1437,1351,-86
RS,17,2020-04-19,78,5887,5973,16354,17032,22241,23083,842,20,391,362,1009,1008,1400,1390,-10
RS,18,2020-04-26,121,6243,6292,17345,18025,23588,24438,850,43,356,319,991,993,1347,1355,8
RS,19,2020-05-03,176,6629,6571,18393,19123,25022,25870,848,55,386,279,1048,1098,1434,1432,-2
RS,20,2020-05-10,244,7005,6906,19478,20254,26483,27404,921,68,376,335,1085,1131,1461,1534,73
RS,21,2020-05-17,291,7383,7214,20597,21219,27980,28724,744,47,378,308,1119,965,1497,1320,-177
RS,22,2020-05-24,351,7811,7547,21750,22321,29561,30219,658,60,428,333,1153,1102,1581,1495,-86
RS,23,2020-05-31,428,8281,7908,22949,23474,31230,31810,580,77,470,361,1199,1153,1669,1591,-78
RS,24,2020-06-07,524,8743,8296,24119,24642,32862,33462,600,96,462,388,1170,1168,1632,1652,20
RS,25,2020-06-14,630,9220,8647,25254,25751,34474,35028,554,106,477,351,1135,1109,1612,1566,-46
RS,26,2020-06-21,764,9746,8996,26382,26794,36128,36554,426,134,526,349,1128,1043,1654,1526,-128
RS,27,2020-06-28,939,10258,9363,27646,27946,37904,38248,344,175,512,367,1264,1152,1776,1694,-82
RS,28,2020-07-05,1150,10852,9694,29118,28936,39970,39780,-190,211,594,331,1472,990,2066,1532,-534
RS,29,2020-07-12,1250,11445,9819,30476,29289,41921,40358,-1563,100,593,125,1358,353,1951,578,-1373
RS,30,2020-07-19,1250,12071,9819,31796,29289,43867,40358,-3509,0,626,0,1320,0,1946,0,-1946
RS,31,2020-07-26,1250,12654,9819,33081,29289,45735,40358,-5377,0,583,0,1285,0,1868,0,-1868
RS,32,2020-08-02,1250,13285,9819,34440,29289,47725,40358,-7367,0,631,0,1359,0,1990,0,-1990
RS,33,2020-08-09,1250,13788,9819,35701,29289,49489,40358,-9131,0,503,0,1261,0,1764,0,-1764
RS,34,2020-08-16,1250,14364,9819,36978,29289,51342,40358,-10984,0,576,0,1277,0,1853,0,-1853
RS,35,2020-08-23,1250,14949,9819,38298,29289,53247,40358,-12889,0,585,0,1320,0,1905,0,-1905
RS,36,2020-08-30,1250,15490,9819,39493,29289,54983,40358,-14625,0,541,0,1195,0,1736,0,-1736
RS,37,2020-09-06,1250,16040,9819,40739,29289,56779,40358,-16421,0,550,0,1246,0,1796,0,-1796
RS,38,2020-09-13,1250,16579,9819,41890,29289,58469,40358,-18111,0,539,0,1151,0,1690,0,-1690
RS,39,2020-09-20,1250,17057,9819,43063,29289,60120,40358,-19762,0,478,0,1173,0,1651,0,-1651
RS,40,2020-09-27,1250,17600,9819,44276,29289,61876,40358,-21518,0,543,0,1213,0,1756,0,-1756
RS,41,2020-10-04,1250,18078,9819,45366,29289,63444,40358,-23086,0,478,0,1090,0,1568,0,-1568
RS,42,2020-10-11,1250,18538,9819,46496,29289,65034,40358,-24676,0,460,0,1130,0,1590,0,-1590
RS,43,2020-10-18,1250,18951,9819,47599,29289,66550,40358,-26192,0,413,0,1103,0,1516,0,-1516
RS,44,2020-10-25,1250,19408,9819,48688,29289,68096,40358,-27738,0,457,0,1089,0,1546,0,-1546
RS,45,2020-11-01,1250,19839,9819,49785,29289,69624,40358,-29266,0,431,0,1097,0,1528,0,-1528
RS,46,2020-11-08,1250,20262,9819,50854,29289,71116,40358,-30758,0,423,0,1069,0,1492,0,-1492
RS,47,2020-11-15,1250,20653,9819,51908,29289,72561,40358,-32203,0,391,0,1054,0,1445,0,-1445
RS,48,2020-11-22,1250,21045,9819,52974,29289,74019,40358,-33661,0,392,0,1066,0,1458,0,-1458
RS,49,2020-11-29,1250,21404,9819,54050,29289,75454,40358,-35096,0,359,0,1076,0,1435,0,-1435
RS,50,2020-12-06,1250,21810,9819,55119,29289,76929,40358,-36571,0,406,0,1069,0,1475,0,-1475
RS,51,2020-12-13,1250,22182,9819,56208,29289,78390,40358,-38032,0,372,0,1089,0,1461,0,-1461
RS,52,2020-12-20,1250,22559,9819,57277,29289,79836,40358,-39478,0,377,0,1069,0,1446,0,-1446
RS,53,2020-12-27,1250,22882,9819,58130,29289,81012,40358,-40654,0,323,0,853,0,1176,0,-1176
SC,1,2020-01-01,0,102,95,297,265,399,360,-39,0,102,95,297,265,399,360,-39
SC,2,2020-01-05,0,299,264,755,746,1054,1010,-44,0,197,169,458,481,655,650,-5
SC,3,2020-01-12,0,482,411,1194,1187,1676,1598,-78,0,183,147,439,441,622,588,-34
SC,4,2020-01-19,0,622,575,1603,1659,2225,2234,9,0,140,164,409,472,549,636,87
SC,5,2020-01-26,0,799,736,2106,2113,2905,2849,-56,0,177,161,503,454,680,615,-65
SC,6,2020-02-02,0,956,898,2585,2557,3541,3455,-86,0,157,162,479,444,636,606,-30
SC,7,2020-02-09,0,1153,1071,3047,3000,4200,4071,-129,0,197,173,462,443,659,616,-43
SC,8,2020-02-16,0,1313,1253,3489,3477,4802,4730,-72,0,160,182,442,477,602,659,57
SC,9,2020-02-23,0,1449,1426,3883,3916,5332,5342,10,0,136,173,394,439,530,612,82
SC,10,2020-03-01,0,1626,1591,4366,4375,5992,5966,-26,0,177,165,483,459,660,624,-36
SC,11,2020-03-08,0,1795,1764,4812,4839,6607,6603,-4,0,169,173,446,464,615,637,22
SC,12,2020-03-15,0,1982,1978,5227,5314,7209,7292,83,0,187,214,415,475,602,689,87
SC,13,2020-03-22,2,2163,2153,5638,5761,7801,7916,115,2,181,175,411,447,592,624,32
SC,14,2020-03-29,15,2342,2305,6063,6230,8405,8550,145,13,179,152,425,469,604,634,30
SC,15,2020-04-05,27,2504,2473,6499,6638,9003,9138,135,12,162,168,436,408,598,588,-10
SC,16,2020-04-12,45,2695,2615,6953,7067,9648,9727,79,18,191,142,454,429,645,589,-56
SC,17,2020-04-19,59,2866,2759,7366,7549,10232,10367,135,14,171,144,413,482,584,640,56
SC,18,2020-04-26,73,3071,2926,7799,7991,10870,10990,120,14,205,167,433,442,638,623,-15
SC,19,2020-05-03,92,3242,3067,8266,8433,11508,11592,84,19,171,141,467,442,638,602,-36
SC,20,2020-05-10,114,3429,3226,8711,8851,12140,12191,51,22,187,159,445,418,632,599,-33
SC,21,2020-05-17,145,3635,3358,9190,9323,12825,12826,1,31,206,132,479,472,685,635,-50
SC,22,2020-05-24,190,3828,3498,9694,9753,13522,13441,-81,45,193,140,504,430,697,615,-82
SC,23,2020-05-31,234,4000,3626,10176,10259,14176,14119,-57,44,172,128,482,506,654,678,24
SC,24,2020-06-07,268,4239,3774,10655,10746,14894,14788,-106,34,239,148,479,487,718,669,-49
SC,25,2020-06-14,315,4466,3924,11115,11249,15581,15488,-93,47,227,150,460,503,687,700,13
SC,26,2020-06-21,381,4681,4092,11615,11672,16296,16145,-151,66,215,168,500,423,715,657,-58
SC,27,2020-06-28,468,4933,4242,12109,12143,17042,16853,-189,87,252,150,494,471,746,708,-38
SC,28,2020-07-05,547,5206,4372,12695,12526,17901,17445,-456,79,273,130,586,383,859,592,-267
SC,29,2020-07-12,570,5454,4400,13238,12597,18692,17567,-1125,23,248,28,543,71,791,122,-669
SC,30,2020-07-19,570,5706,4400,13795,12597,19501,17567,-1934,0,252,0,557,0,809,0,-809
SC,31,2020-07-26,570,5947,4400,14267,12597,20214,17567,-2647,0,241,0,472,0,713,0,-713
SC,32,2020-08-02,570,6182,4400,14767,12597,20949,17567,-3382,0,235,0,500,0,735,0,-735
SC,33,2020-08-09,570,6410,4400,15275,12597,21685,17567,-4118,0,228,0,508,0,736,0,-736
SC,34,2020-08-16,570,6612,4400,15746,12597,22358,17567,-4791,0,202,0,471,0,673,0,-673
SC,35,2020-08-23,570,6830,4400,16257,12597,23087,17567,-5520,0,218,0,511,0,729,0,-729
SC,36,2020-08-30,570,7052,4400,16742,12597,23794,17567,-6227,0,222,0,485,0,707,0,-707
SC,37,2020-09-06,570,7281,4400,17284,12597,24565,17567,-6998,0,229,0,542,0,771,0,-771
SC,38,2020-09-13,570,7518,4400,17760,12597,25278,17567,-7711,0,237,0,476,0,713,0,-713
SC,39,2020-09-20,570,7728,4400,18250,12597,25978,17567,-8411,0,210,0,490,0,700,0,-700
SC,40,2020-09-27,570,7939,4400,18724,12597,26663,17567,-9096,0,211,0,474,0,685,0,-685
SC,41,2020-10-04,570,8147,4400,19219,12597,27366,17567,-9799,0,208,0,495,0,703,0,-703
SC,42,2020-10-11,570,8368,4400,19664,12597,28032,17567,-10465,0,221,0,445,0,666,0,-666
SC,43,2020-10-18,570,8574,4400,20137,12597,28711,17567,-11144,0,206,0,473,0,679,0,-679
SC,44,2020-10-25,570,8758,4400,20581,12597,29339,17567,-11772,0,184,0,444,0,628,0,-628
SC,45,2020-11-01,570,8932,4400,21043,12597,29975,17567,-12408,0,174,0,462,0,636,0,-636
SC,46,2020-11-08,570,9113,4400,21493,12597,30606,17567,-13039,0,181,0,450,0,631,0,-631
SC,47,2020-11-15,570,9302,4400,21971,12597,31273,17567,-13706,0,189,0,478,0,667,0,-667
SC,48,2020-11-22,570,9508,4400,22455,12597,31963,17567,-14396,0,206,0,484,0,690,0,-690
SC,49,2020-11-29,570,9655,4400,22915,12597,32570,17567,-15003,0,147,0,460,0,607,0,-607
SC,50,2020-12-06,570,9840,4400,23367,12597,33207,17567,-15640,0,185,0,452,0,637,0,-637
SC,51,2020-12-13,570,10011,4400,23820,12597,33831,17567,-16264,0,171,0,453,0,624,0,-624
SC,52,2020-12-20,570,10183,4400,24279,12597,34462,17567,-16895,0,172,0,459,0,631,0,-631
SC,53,2020-12-27,570,10312,4400,24638,12597,34950,17567,-17383,0,129,0,359,0,488,0,-488
SE,1,2020-01-01,0,32,28,100,82,132,110,-22,0,32,28,100,82,132,110,-22
SE,2,2020-01-05,0,70,65,245,219,315,284,-31,0,38,37,145,137,183,174,-9
SE,3,2020-01-12,0,118,113,385,367,503,480,-23,0,48,48,140,148,188,196,8
SE,4,2020-01-19,0,164,160,530,505,694,665,-29,0,46,47,145,138,191,185,-6
SE,5,2020-01-26,0,215,220,675,650,890,870,-20,0,51,60,145,145,196,205,9
SE,6,2020-02-02,0,278,263,832,805,1110,1068,-42,0,63,43,157,155,220,198,-22
SE,7,2020-02-09,0,323,319,987,918,1310,1237,-73,0,45,56,155,113,200,169,-31
SE,8,2020-02-16,0,365,374,1134,1043,1499,1417,-82,0,42,55,147,125,189,180,-9
SE,9,2020-02-23,0,417,424,1289,1166,1706,1590,-116,0,52,50,155,123,207,173,-34
SE,10,2020-03-01,0,457,478,1414,1281,1871,1759,-112,0,40,54,125,115,165,169,4
SE,11,2020-03-08,0,501,535,1587,1413,2088,1948,-140,0,44,57,173,132,217,189,-28
SE,12,2020-03-15,0,543,595,1747,1567,2290,2162,-128,0,42,60,160,154,202,214,12
SE,13,2020-03-22,0,584,646,1905,1711,2489,2357,-132,0,41,51,158,144,199,195,-4
SE,14,2020-03-29,2,631,707,2063,1859,2694,2568,-126,2,47,61,158,148,205,211,6
SE,15,2020-04-05,3,679,756,2207,1987,2886,2746,-140,1,48,49,144,128,192,178,-14
SE,16,2020-04-12,5,731,800,2353,2123,3084,2928,-156,2,52,44,146,136,198,182,-16
SE,17,2020-04-19,8,790,845,2506,2254,3296,3107,-189,3,59,45,153,131,212,179,-33
SE,18,2020-04-26,10,828,881,2655,2389,3483,3280,-203,2,38,36,149,135,187,173,-14
SE,19,2020-05-03,25,874,926,2814,2517,3688,3468,-220,15,46,45,159,128,205,188,-17
SE,20,2020-05-10,45,924,974,2981,2655,3905,3674,-231,20,50,48,167,138,217,206,-11
SE,21,2020-05-17,76,981,1018,3137,2801,4118,3895,-223,31,57,44,156,146,213,221,8
SE,22,2020-05-24,128,1041,1062,3273,2953,4314,4143,-171,52,60,44,136,152,196,248,52
SE,23,2020-05-31,198,1092,1099,3423,3101,4515,4398,-117,70,51,37,150,148,201,255,54
SE,24,2020-06-07,281,1153,1139,3590,3243,4743,4663,-80,83,61,40,167,142,228,265,37
SE,25,2020-06-14,373,1203,1171,3737,3371,4940,4915,-25,92,50,32,147,128,197,252,55
SE,26,2020-06-21,492,1258,1208,3901,3528,5159,5228,69,119,55,37,164,157,219,313,94
SE,27,2020-06-28,606,1312,1246,4055,3638,5367,5490,123,114,54,38,154,110,208,262,54
SE,28,2020-07-05,673,1373,1274,4209,3716,5582,5663,81,67,61,28,154,78,215,173,-42
SE,29,2020-07-12,676,1442,1281,4359,3724,5801,5681,-120,3,69,7,150,8,219,18,-201
SE,30,2020-07-19,676,1494,1281,4524,3724,6018,5681,-337,0,52,0,165,0,217,0,-217
SE,31,2020-07-26,676,1533,1281,4678,3724,6211,5681,-530,0,39,0,154,0,193,0,-193
SE,32,2020-08-02,676,1587,1281,4833,3724,6420,5681,-739,0,54,0,155,0,209,0,-209
SE,33,2020-08-09,676,1639,1281,4976,3724,6615,5681,-934,0,52,0,143,0,195,0,-195
SE,34,2020-08-16,676,1677,1281,5141,3724,6818,5681,-1137,0,38,0,165,0,203,0,-203
SE,35,2020-08-23,676,1725,1281,5281,3724,7006,5681,-1325,0,48,0,140,0,188,0,-188
SE,36,2020-08-30,676,1763,1281,5442,3724,7205,5681,-1524,0,38,0,161,0,199,0,-199
SE,37,2020-09-06,676,1808,1281,5584,3724,7392,5681,-1711,0,45,0,142,0,187,0,-187
SE,38,2020-09-13,676,1857,1281,5729,3724,7586,5681,-1905,0,49,0,145,0,194,0,-194
SE,39,2020-09-20,676,1886,1281,5874,3724,7760,5681,-2079,0,29,0,145,0,174,0,-174
SE,40,2020-09-27,676,1936,1281,6016,3724,7952,5681,-2271,0,50,0,142,0,192,0,-192
SE,41,2020-10-04,676,1979,1281,6163,3724,8142,5681,-2461,0,43,0,147,0,190,0,-190
SE,42,2020-10-11,676,2021,1281,6295,3724,8316,5681,-2635,0,42,0,132,0,174,0,-174
SE,43,2020-10-18,676,2070,1281,6433,3724,8503,5681,-2822,0,49,0,138,0,187,0,-187
SE,44,2020-10-25,676,2108,1281,6579,3724,8687,5681,-3006,0,38,0,146,0,184,0,-184
SE,45,2020-11-01,676,2152,1281,6706,3724,8858,5681,-3177,0,44,0,127,0,171,0,-171
SE,46,2020-11-08,676,2190,1281,6839,3724,9029,5681,-3348,0,38,0,133,0,171,0,-171
SE,47,2020-11-15,676,2230,1281,6946,3724,9176,5681,-3495,0,40,0,107,0,147,0,-147
SE,48,2020-11-22,676,2284,1281,7082,3724,9366,5681,-3685,0,54,0,136,0,190,0,-190
SE,49,2020-11-29,676,2331,1281,7198,3724,9529,5681,-3848,0,47,0,116,0,163,0,-163
SE,50,2020-12-06,676,2382,1281,7353,3724,9735,5681,-4054,0,51,0,155,0,206,0,-206
SE,51,2020-12-13,676,2432,1281,7479,3724,9911,5681,-4230,0,50,0,126,0,176,0,-176
SE,52,2020-12-20,676,2471,1281,7613,3724,10084,5681,-4403,0,39,0,134,0,173,0,-173
SE,53,2020-12-27,676,2498,1281,7703,3724,10201,5681,-4520,0,27,0,90,0,117,0,-117
SP,1,2020-01-01,0,679,671,1314,1347,1993,2018,25,0,679,671,1314,1347,1993,2018,25
SP,2,2020-01-05,0,1805,1792,3622,3626,5427,5418,-9,0,1126,1121,2308,2279,3434,3400,-34
SP,3,2020-01-12,0,2971,2904,5933,5894,8904,8798,-106,0,1166,1112,2311,2268,3477,3380,-97
SP,4,2020-01-19,0,4085,3934,8330,8153,12415,12087,-328,0,1114,1030,2397,2259,3511,3289,-222
SP,5,2020-01-26,0,5175,5042,10647,10541,15822,15583,-239,0,1090,1108,2317,2388,3407,3496,89
SP,6,2020-02-02,0,6300,6096,12992,12707,19292,18803,-489,0,1125,1054,2345,2166,3470,3220,-250
SP,7,2020-02-09,0,7352,7099,15303,14982,22655,22081,-574,0,1052,1003,2311,2275,3363,3278,-85
SP,8,2020-02-16,0,8394,8236,17606,17323,26000,25559,-441,0,1042,1137,2303,2341,3345,3478,133
SP,9,2020-02-23,0,9305,9353,19494,19617,28799,28970,171,0,911,1117,1888,2294,2799,3411,612
SP,10,2020-03-01,0,10396,10429,21660,21882,32056,32311,255,0,1091,1076,2166,2265,3257,3341,84
SP,11,2020-03-08,0,11542,11628,24012,24201,35554,35829,275,0,1146,1199,2352,2319,3498,3518,20
SP,12,2020-03-15,14,12731,12943,26344,26600,39075,39557,482,14,1189,1315,2332,2399,3521,3728,207
SP,13,2020-03-22,143,13841,14129,28623,28882,42464,43154,690,129,1110,1186,2279,2282,3389,3597,208
SP,14,2020-03-29,399,14951,15315,30929,31193,45880,46907,1027,256,1110,1186,2306,2311,3416,3753,337
SP,15,2020-04-05,741,16061,16467,33158,33472,49219,50680,1461,342,1110,1152,2229,2279,3339,3773,434
SP,16,2020-04-12,1113,17242,17536,35414,35723,52656,54372,1716,372,1181,1069,2256,2251,3437,3692,255
SP,17,2020-04-19,1580,18442,18579,37867,37932,56309,58091,1782,467,1200,1043,2453,2209,3653,3719,66
SP,18,2020-04-26,2242,19655,19631,40233,40272,59888,62145,2257,662,1213,1052,2366,2340,3579,4054,475
SP,19,2020-05-03,2957,20878,20677,42647,42616,63525,66250,2725,715,1223,1046,2414,2344,3637,4105,468
SP,20,2020-05-10,3848,22043,21705,45115,45185,67158,70738,3580,891,1165,1028,2468,2569,3633,4488,855
SP,21,2020-05-17,4807,23285,22773,47526,47636,70811,75216,4405,959,1242,1068,2411,2451,3653,4478,825
SP,22,2020-05-24,5831,24621,23819,50061,50200,74682,79850,5168,1024,1336,1046,2535,2564,3871,4634,763
SP,23,2020-05-31,6848,25980,24917,52626,52715,78606,84480,5874,1017,1359,1098,2565,2515,3924,4630,706
SP,24,2020-06-07,7968,27510,25975,55235,55287,82745,89230,6485,1120,1530,1058,2609,2572,4139,4750,611
SP,25,2020-06-14,9086,29038,26938,57839,57624,86877,93648,6771,1118,1528,963,2604,2337,4132,4418,286
SP,26,2020-06-21,10109,30502,27877,60294,59943,90796,97929,7133,1023,1464,939,2455,2319,3919,4281,362
SP,27,2020-06-28,11127,31962,28791,62823,62319,94785,102237,7452,1018,1460,914,2529,2376,3989,4308,319
SP,28,2020-07-05,11909,33420,29519,65482,64115,98902,105543,6641,782,1458,728,2659,1796,4117,3306,-811
SP,29,2020-07-12,12025,34874,29640,68131,64379,103005,106044,3039,116,1454,121,2649,264,4103,501,-3602
SP,30,2020-07-19,12025,36266,29640,70673,64379,106939,106044,-895,0,1392,0,2542,0,3934,0,-3934
SP,31,2020-07-26,12025,37616,29640,73103,64379,110719,106044,-4675,0,1350,0,2430,0,3780,0,-3780
SP,32,2020-08-02,12025,38977,29640,75593,64379,114570,106044,-8526,0,1361,0,2490,0,3851,0,-3851
SP,33,2020-08-09,12025,40184,29640,78037,64379,118221,106044,-12177,0,1207,0,2444,0,3651,0,-3651
SP,34,2020-08-16,12025,41354,29640,80407,64379,121761,106044,-15717,0,1170,0,2370,0,3540,0,-3540
SP,35,2020-08-23,12025,42550,29640,82800,64379,125350,106044,-19306,0,1196,0,2393,0,3589,0,-3589
SP,36,2020-08-30,12025,43778,29640,85181,64379,128959,106044,-22915,0,1228,0,2381,0,3609,0,-3609
SP,37,2020-09-06,12025,45046,29640,87659,64379,132705,106044,-26661,0,1268,0,2478,0,3746,0,-3746
SP,38,2020-09-13,12025,46302,29640,90065,64379,136367,106044,-30323,0,1256,0,2406,0,3662,0,-3662
SP,39,2020-09-20,12025,47435,29640,92304,64379,139739,106044,-33695,0,1133,0,2239,0,3372,0,-3372
SP,40,2020-09-27,12025,48543,29640,94633,64379,143176,106044,-37132,0,1108,0,2329,0,3437,0,-3437
SP,41,2020-10-04,12025,49721,29640,96869,64379,146590,106044,-40546,0,1178,0,2236,0,3414,0,-3414
SP,42,2020-10-11,12025,50854,29640,99272,64379,150126,106044,-44082,0,1133,0,2403,0,3536,0,-3536
SP,43,2020-10-18,12025,51982,29640,101528,64379,153510,106044,-47466,0,1128,0,2256,0,3384,0,-3384
SP,44,2020-10-25,12025,53126,29640,103806,64379,156932,106044,-50888,0,1144,0,2278,0,3422,0,-3422
SP,45,2020-11-01,12025,54262,29640,106101,64379,160363,106044,-54319,0,1136,0,2295,0,3431,0,-3431
SP,46,2020-11-08,12025,55369,29640,108221,64379,163590,106044,-57546,0,1107,0,2120,0,3227,0,-3227
SP,47,2020-11-15,12025,56355,29640,110464,64379,166819,106044,-60775,0,986,0,2243,0,3229,0,-3229
SP,48,2020-11-22,12025,57389,29640,112707,64379,170096,106044,-64052,0,1034,0,2243,0,3277,0,-3277
SP,49,2020-11-29,12025,58460,29640,114972,64379,173432,106044,-67388,0,1071,0,2265,0,3336,0,-3336
SP,50,2020-12-06,12025,59511,29640,117291,64379,176802,106044,-70758,0,1051,0,2319,0,3370,0,-3370
SP,51,2020-12-13,12025,60533,29640,119695,64379,180228,106044,-74184,0,1022,0,2404,0,3426,0,-3426
SP,52,2020-12-20,12025,61633,29640,122107,64379,183740,106044,-77696,0,1100,0,2412,0,3512,0,-3512
SP,53,2020-12-27,12025,62418,29640,123774,64379,186192,106044,-80148,0,785,0,1667,0,2452,0,-2452
TO,1,2020-01-01,0,13,17,43,43,56,60,4,0,13,17,43,43,56,60,4
TO,2,2020-01-05,0,35,38,102,95,137,133,-4,0,22,21,59,52,81,73,-8
TO,3,2020-01-12,0,56,68,162,163,218,231,13,0,21,30,60,68,81,98,17
TO,4,2020-01-19,0,81,88,235,218,316,306,-10,0,25,20,73,55,98,75,-23
TO,5,2020-01-26,0,101,113,295,269,396,382,-14,0,20,25,60,51,80,76,-4
TO,6,2020-02-02,0,127,138,359,322,486,460,-26,0,26,25,64,53,90,78,-12
TO,7,2020-02-09,0,145,165,423,396,568,561,-7,0,18,27,64,74,82,101,19
TO,8,2020-02-16,0,163,194,482,462,645,656,11,0,18,29,59,66,77,95,18
TO,9,2020-02-23,0,172,225,534,528,706,753,47,0,9,31,52,66,61,97,36
TO,10,2020-03-01,0,191,246,591,579,782,825,43,0,19,21,57,51,76,72,-4
TO,11,2020-03-08,0,205,271,638,650,843,921,78,0,14,25,47,71,61,96,35
TO,12,2020-03-15,0,228,302,697,708,925,1010,85,0,23,31,59,58,82,89,7
TO,13,2020-03-22,0,254,321,755,773,1009,1094,85,0,26,19,58,65,84,84,0
TO,14,2020-03-29,0,284,345,810,841,1094,1186,92,0,30,24,55,68,85,92,7
TO,15,2020-04-05,1,310,359,875,898,1185,1258,73,1,26,14,65,57,91,72,-19
TO,16,2020-04-12,2,350,383,932,950,1282,1335,53,1,40,24,57,52,97,77,-20
TO,17,2020-04-19,2,379,395,1008,1005,1387,1402,15,0,29,12,76,55,105,67,-38
TO,18,2020-04-26,5,403,424,1095,1063,1498,1492,-6,3,24,29,87,58,111,90,-21
TO,19,2020-05-03,9,434,437,1161,1122,1595,1568,-27,4,31,13,66,59,97,76,-21
TO,20,2020-05-10,25,466,458,1231,1190,1697,1673,-24,16,32,21,70,68,102,105,3
TO,21,2020-05-17,38,493,478,1291,1251,1784,1767,-17,13,27,20,60,61,87,94,7
TO,22,2020-05-24,55,520,496,1362,1312,1882,1863,-19,17,27,18,71,61,98,96,-2
TO,23,2020-05-31,70,543,519,1432,1377,1975,1966,-9,15,23,23,70,65,93,103,10
TO,24,2020-06-07,86,572,539,1486,1433,2058,2058,0,16,29,20,54,56,83,92,9
TO,25,2020-06-14,105,591,560,1562,1493,2153,2158,5,19,19,21,76,60,95,100,5
TO,26,2020-06-21,114,610,582,1635,1547,2245,2243,-2,9,19,22,73,54,92,85,-7
TO,27,2020-06-28,128,629,609,1692,1608,2321,2345,24,14,19,27,57,61,76,102,26
TO,28,2020-07-05,142,644,625,1742,1656,2386,2423,37,14,15,16,50,48,65,78,13
TO,29,2020-07-12,145,669,631,1826,1665,2495,2441,-54,3,25,6,84,9,109,18,-91
TO,30,2020-07-19,145,698,631,1900,1665,2598,2441,-157,0,29,0,74,0,103,0,-103
TO,31,2020-07-26,145,721,631,1971,1665,2692,2441,-251,0,23,0,71,0,94,0,-94
TO,32,2020-08-02,145,737,631,2027,1665,2764,2441,-323,0,16,0,56,0,72,0,-72
TO,33,2020-08-09,145,771,631,2100,1665,2871,2441,-430,0,34,0,73,0,107,0,-107
TO,34,2020-08-16,145,792,631,2162,1665,2954,2441,-513,0,21,0,62,0,83,0,-83
TO,35,2020-08-23,145,815,631,2232,1665,3047,2441,-606,0,23,0,70,0,93,0,-93
TO,36,2020-08-30,145,830,631,2289,1665,3119,2441,-678,0,15,0,57,0,72,0,-72
TO,37,2020-09-06,145,861,631,2345,1665,3206,2441,-765,0,31,0,56,0,87,0,-87
TO,38,2020-09-13,145,895,631,2412,1665,3307,2441,-866,0,34,0,67,0,101,0,-101
TO,39,2020-09-20,145,920,631,2483,1665,3403,2441,-962,0,25,0,71,0,96,0,-96
TO,40,2020-09-27,145,946,631,2549,1665,3495,2441,-1054,0,26,0,66,0,92,0,-92
TO,41,2020-10-04,145,979,631,2606,1665,3585,2441,-1144,0,33,0,57,0,90,0,-90
TO,42,2020-10-11,145,1000,631,2669,1665,3669,2441,-1228,0,21,0,63,0,84,0,-84
TO,43,2020-10-18,145,1014,631,2734,1665,3748,2441,-1307,0,14,0,65,0,79,0,-79
TO,44,2020-10-25,145,1047,631,2793,1665,3840,2441,-1399,0,33,0,59,0,92,0,-92
TO,45,2020-11-01,145,1075,631,2857,1665,3932,2441,-1491,0,28,0,64,0,92,0,-92
TO,46,2020-11-08,145,1094,631,2906,1665,4000,2441,-1559,0,19,0,49,0,68,0,-68
TO,47,2020-11-15,145,1118,631,2974,1665,4092,2441,-1651,0,24,0,68,0,92,0,-92
TO,48,2020-11-22,145,1154,631,3036,1665,4190,2441,-1749,0,36,0,62,0,98,0,-98
TO,49,2020-11-29,145,1187,631,3111,1665,4298,2441,-1857,0,33,0,75,0,108,0,-108
TO,50,2020-12-06,145,1209,631,3183,1665,4392,2441,-1951,0,22,0,72,0,94,0,-94
TO,51,2020-12-13,145,1243,631,3246,1665,4489,2441,-2048,0,34,0,63,0,97,0,-97
TO,52,2020-12-20,145,1277,631,3316,1665,4593,2441,-2152,0,34,0,70,0,104,0,-104
TO,53,2020-12-27,145,1296,631,3366,1665,4662,2441,-2221,0,19,0,50,0,69,0,-69
