state,epidemiological_week_2020,first_day_epiweek_2020,deaths_covid19_2020,deaths_other_respiratory_2019,deaths_other_respiratory_2020,deaths_others_2019,deaths_others_2020,deaths_total_2019,deaths_total_2020,deaths_total_dif,new_deaths_covid19_2020,new_deaths_other_respiratory_2019,new_deaths_other_respiratory_2020,new_deaths_others_2019,new_deaths_others_2020,new_deaths_total_2019,new_deaths_total_2020,new_deaths_total_dif
AC,1,2020-01-01,0,8,10,22,32,30,42,12,0,8,10,22,32,30,42,12
AC,2,2020-01-05,0,21,36,61,77,82,113,31,0,13,26,39,45,52,71,19
AC,3,2020-01-12,0,45,58,102,130,147,188,41,0,24,22,41,53,65,75,10
AC,4,2020-01-19,0,60,79,147,184,207,263,56,0,15,21,45,54,60,75,15
AC,5,2020-01-26,0,86,93,187,240,273,333,60,0,26,14,40,56,66,70,4
AC,6,2020-02-02,0,109,111,228,299,337,410,73,0,23,18,41,59,64,77,13
AC,7,2020-02-09,0,127,135,274,364,401,499,98,0,18,24,46,65,64,89,25
AC,8,2020-02-16,0,146,153,324,408,470,561,91,0,19,18,50,44,69,62,-7
AC,9,2020-02-23,0,169,174,368,452,537,626,89,0,23,21,44,44,67,65,-2
AC,10,2020-03-01,0,182,195,414,510,596,705,109,0,13,21,46,58,59,79,20
AC,11,2020-03-08,0,212,226,461,553,673,779,106,0,30,31,47,43,77,74,-3
AC,12,2020-03-15,0,250,250,508,602,758,852,94,0,38,24,47,49,85,73,-12
AC,13,2020-03-22,0,274,271,541,642,815,913,98,0,24,21,33,40,57,61,4
AC,14,2020-03-29,0,300,287,583,683,883,970,87,0,26,16,42,41,68,57,-11
AC,15,2020-04-05,2,328,308,624,726,952,1036,84,2,28,21,41,43,69,66,-3
AC,16,2020-04-12,4,344,330,669,777,1013,1111,98,2,16,22,45,51,61,75,14
AC,17,2020-04-19,10,372,354,718,809,1090,1173,83,6,28,24,49,32,77,62,-15
AC,18,2020-04-26,26,398,371,768,869,1166,1266,100,16,26,17,50,60,76,93,17
AC,19,2020-05-03,43,410,395,814,913,1224,1351,127,17,12,24,46,44,58,85,27
AC,20,2020-05-10,62,430,414,864,955,1294,1431,137,19,20,19,50,42,70,80,10
AC,21,2020-05-17,97,447,443,897,1022,1344,1562,218,35,17,29,33,67,50,131,81
AC,22,2020-05-24,137,472,470,945,1080,1417,1687,270,40,25,27,48,58,73,125,52
AC,23,2020-05-31,193,492,488,982,1131,1474,1812,338,56,20,18,37,51,57,125,68
AC,24,2020-06-07,246,511,510,1024,1177,1535,1933,398,53,19,22,42,46,61,121,60
AC,25,2020-06-14,291,525,525,1058,1225,1583,2041,458,45,14,15,34,48,48,108,60
AC,26,2020-06-21,332,544,542,1107,1263,1651,2137,486,41,19,17,49,38,68,96,28
AC,27,2020-06-28,361,564,551,1151,1304,1715,2216,501,29,20,9,44,41,64,79,15
AC,28,2020-07-05,377,581,560,1196,1332,1777,2269,492,16,17,9,45,28,62,53,-9
AC,29,2020-07-12,377,602,560,1238,1332,1840,2269,429,0,21,0,42,0,63,0,-63
AC,30,2020-07-19,377,617,560,1274,1332,1891,2269,378,0,15,0,36,0,51,0,-51
AC,31,2020-07-26,377,638,560,1308,1332,1946,2269,323,0,21,0,34,0,55,0,-55
AC,32,2020-08-02,377,653,560,1352,1332,2005,2269,264,0,15,0,44,0,59,0,-59
AC,33,2020-08-09,377,679,560,1389,1332,2068,2269,201,0,26,0,37,0,63,0,-63
AC,34,2020-08-16,377,698,560,1437,1332,2135,2269,134,0,19,0,48,0,67,0,-67
AC,35,2020-08-23,377,722,560,1491,1332,2213,2269,56,0,24,0,54,0,78,0,-78
AC,36,2020-08-30,377,737,560,1531,1332,2268,2269,1,0,15,0,40,0,55,0,-55
AC,37,2020-09-06,377,763,560,1593,1332,2356,2269,-87,0,26,0,62,0,88,0,-88
AC,38,2020-09-13,377,781,560,1633,1332,2414,2269,-145,0,18,0,40,0,58,0,-58
AC,39,2020-09-20,377,805,560,1680,1332,2485,2269,-216,0,24,0,47,0,71,0,-71
AC,40,2020-09-27,377,825,560,1721,1332,2546,2269,-277,0,20,0,41,0,61,0,-61
AC,41,2020-10-04,377,839,560,1764,1332,2603,2269,-334,0,14,0,43,0,57,0,-57
AC,42,2020-10-11,377,858,560,1802,1332,2660,2269,-391,0,19,0,38,0,57,0,-57
AC,43,2020-10-18,377,885,560,1854,1332,2739,2269,-470,0,27,0,52,0,79,0,-79
AC,44,2020-10-25,377,906,560,1900,1332,2806,2269,-537,0,21,0,46,0,67,0,-67
AC,45,2020-11-01,377,930,560,1954,1332,2884,2269,-615,0,24,0,54,0,78,0,-78
AC,46,2020-11-08,377,958,560,1994,1332,2952,2269,-683,0,28,0,40,0,68,0,-68
AC,47,2020-11-15,377,974,560,2040,1332,3014,2269,-745,0,16,0,46,0,62,0,-62
AC,48,2020-11-22,377,998,560,2085,1332,3083,2269,-814,0,24,0,45,0,69,0,-69
AC,49,2020-11-29,377,1016,560,2138,1332,3154,2269,-885,0,18,0,53,0,71,0,-71
AC,50,2020-12-06,377,1042,560,2189,1332,3231,2269,-962,0,26,0,51,0,77,0,-77
AC,51,2020-12-13,377,1064,560,2232,1332,3296,2269,-1027,0,22,0,43,0,65,0,-65
AC,52,2020-12-20,377,1082,560,2282,1332,3364,2269,-1095,0,18,0,50,0,68,0,-68
AC,53,2020-12-27,377,1098,560,2320,1332,3418,2269,-1149,0,16,0,38,0,54,0,-54
AL,1,2020-01-01,0,47,41,127,141,174,182,8,0,47,41,127,141,174,182,8
AL,2,2020-01-05,0,119,118,303,415,422,533,111,0,72,77,176,274,248,351,103
AL,3,2020-01-12,0,191,213,504,643,695,856,161,0,72,95,201,228,273,323,50
AL,4,2020-01-19,0,251,286,716,873,967,1159,192,0,60,73,212,230,272,303,31
AL,5,2020-01-26,0,307,372,924,1106,1231,1478,247,0,56,86,208,233,264,319,55
AL,6,2020-02-02,0,375,448,1148,1331,1523,1779,256,0,68,76,224,225,292,301,9
AL,7,2020-02-09,0,457,525,1338,1561,1795,2086,291,0,82,77,190,230,272,307,35
AL,8,2020-02-16,0,532,597,1540,1790,2072,2387,315,0,75,72,202,229,277,301,24
AL,9,2020-02-23,0,606,682,1702,2081,2308,2763,455,0,74,85,162,291,236,376,140
AL,10,2020-03-01,0,696,761,1905,2331,2601,3092,491,0,90,79,203,250,293,329,36
AL,11,2020-03-08,0,771,842,2132,2579,2903,3421,518,0,75,81,227,248,302,329,27
AL,12,2020-03-15,0,834,907,2355,2780,3189,3687,498,0,63,65,223,201,286,266,-20
AL,13,2020-03-22,1,929,990,2577,2977,3506,3968,462,1,95,83,222,197,317,281,-36
AL,14,2020-03-29,4,1015,1054,2800,3247,3815,4305,490,3,86,64,223,270,309,337,28
AL,15,2020-04-05,9,1105,1127,3007,3508,4112,4644,532,5,90,73,207,261,297,339,42
AL,16,2020-04-12,17,1181,1190,3207,3747,4388,4954,566,8,76,63,200,239,276,310,34
AL,17,2020-04-19,31,1293,1243,3435,3979,4728,5253,525,14,112,53,228,232,340,299,-41
AL,18,2020-04-26,63,1375,1318,3685,4243,5060,5624,564,32,82,75,250,264,332,371,39
AL,19,2020-05-03,125,1462,1406,3959,4513,5421,6044,623,62,87,88,274,270,361,420,59
AL,20,2020-05-10,250,1571,1513,4203,4813,5774,6576,802,125,109,107,244,300,353,532,179
AL,21,2020-05-17,381,1658,1627,4460,5143,6118,7151,1033,131,87,114,257,330,344,575,231
AL,22,2020-05-24,570,1768,1743,4689,5456,6457,7769,1312,189,110,116,229,313,339,618,279
AL,23,2020-05-31,784,1844,1846,4909,5752,6753,8382,1629,214,76,103,220,296,296,613,317
AL,24,2020-06-07,937,1915,1943,5152,6042,7067,8922,1855,153,71,97,243,290,314,540,226
AL,25,2020-06-14,1089,2006,2003,5388,6306,7394,9398,2004,152,91,60,236,264,327,476,149
AL,26,2020-06-21,1200,2095,2064,5645,6516,7740,9780,2040,111,89,61,257,210,346,382,36
AL,27,2020-06-28,1259,2184,2111,5904,6679,8088,10049,1961,59,89,47,259,163,348,269,-79
AL,28,2020-07-05,1286,2267,2129,6158,6756,8425,10171,1746,27,83,18,254,77,337,122,-215
AL,29,2020-07-12,1286,2350,2129,6397,6757,8747,10172,1425,0,83,0,239,1,322,1,-321
AL,30,2020-07-19,1286,2411,2129,6625,6757,9036,10172,1136,0,61,0,228,0,289,0,-289
AL,31,2020-07-26,1286,2486,2129,6869,6757,9355,10172,817,0,75,0,244,0,319,0,-319
AL,32,2020-08-02,1286,2565,2129,7129,6757,9694,10172,478,0,79,0,260,0,339,0,-339
AL,33,2020-08-09,1286,2672,2129,7396,6757,10068,10172,104,0,107,0,267,0,374,0,-374
AL,34,2020-08-16,1286,2754,2129,7680,6757,10434,10172,-262,0,82,0,284,0,366,0,-366
AL,35,2020-08-23,1286,2855,2129,7916,6757,10771,10172,-599,0,101,0,236,0,337,0,-337
AL,36,2020-08-30,1286,2940,2129,8169,6757,11109,10172,-937,0,85,0,253,0,338,0,-338
AL,37,2020-09-06,1286,3005,2129,8385,6757,11390,10172,-1218,0,65,0,216,0,281,0,-281
AL,38,2020-09-13,1286,3087,2129,8625,6757,11712,10172,-1540,0,82,0,240,0,322,0,-322
AL,39,2020-09-20,1286,3161,2129,8877,6757,12038,10172,-1866,0,74,0,252,0,326,0,-326
AL,40,2020-09-27,1286,3245,2129,9103,6757,12348,10172,-2176,0,84,0,226,0,310,0,-310
AL,41,2020-10-04,1286,3338,2129,9315,6757,12653,10172,-2481,0,93,0,212,0,305,0,-305
AL,42,2020-10-11,1286,3432,2129,9533,6757,12965,10172,-2793,0,94,0,218,0,312,0,-312
AL,43,2020-10-18,1286,3509,2129,9760,6757,13269,10172,-3097,0,77,0,227,0,304,0,-304
AL,44,2020-10-25,1286,3576,2129,9996,6757,13572,10172,-3400,0,67,0,236,0,303,0,-303
AL,45,2020-11-01,1286,3655,2129,10249,6757,13904,10172,-3732,0,79,0,253,0,332,0,-332
AL,46,2020-11-08,1286,3723,2129,10492,6757,14215,10172,-4043,0,68,0,243,0,311,0,-311
AL,47,2020-11-15,1286,3801,2129,10715,6757,14516,10172,-4344,0,78,0,223,0,301,0,-301
AL,48,2020-11-22,1286,3867,2129,10938,6757,14805,10172,-4633,0,66,0,223,0,289,0,-289
AL,49,2020-11-29,1286,3949,2129,11170,6757,15119,10172,-4947,0,82,0,232,0,314,0,-314
AL,50,2020-12-06,1286,4031,2129,11411,6757,15442,10172,-5270,0,82,0,241,0,323,0,-323
AL,51,2020-12-13,1286,4101,2129,11626,6757,15727,10172,-5555,0,70,0,215,0,285,0,-285
AL,52,2020-12-20,1286,4189,2129,11826,6757,16015,10172,-5843,0,88,0,200,0,288,0,-288
AL,53,2020-12-27,1286,4224,2129,11985,6757,16209,10172,-6037,0,35,0,159,0,194,0,-194
AM,1,2020-01-01,0,25,32,120,109,145,141,-4,0,25,32,120,109,145,141,-4
AM,2,2020-01-05,0,75,99,300,300,375,399,24,0,50,67,180,191,230,258,28
AM,3,2020-01-12,0,119,151,484,495,603,646,43,0,44,52,184,195,228,247,19
AM,4,2020-01-19,0,152,218,684,692,836,910,74,0,33,67,200,197,233,264,31
AM,5,2020-01-26,0,208,277,862,874,1070,1151,81,0,56,59,178,182,234,241,7
AM,6,2020-02-02,0,253,336,1048,1072,1301,1408,107,0,45,59,186,198,231,257,26
AM,7,2020-02-09,0,320,396,1234,1281,1554,1677,123,0,67,60,186,209,253,269,16
AM,8,2020-02-16,0,390,451,1451,1458,1841,1909,68,0,70,55,217,177,287,232,-55
AM,9,2020-02-23,0,452,507,1623,1638,2075,2145,70,0,62,56,172,180,234,236,2
AM,10,2020-03-01,0,521,557,1859,1827,2380,2384,4,0,69,50,236,189,305,239,-66
AM,11,2020-03-08,0,595,608,2052,2042,2647,2650,3,0,74,51,193,215,267,266,-1
AM,12,2020-03-15,0,654,667,2230,2233,2884,2900,16,0,59,59,178,191,237,250,13
AM,13,2020-03-22,1,711,717,2408,2428,3119,3146,27,1,57,50,178,195,235,246,11
AM,14,2020-03-29,10,768,799,2598,2626,3366,3435,69,9,57,82,190,198,247,289,42
AM,15,2020-04-05,59,828,936,2797,2859,3625,3854,229,49,60,137,199,233,259,419,160
AM,16,2020-04-12,152,896,1201,2977,3227,3873,4580,707,93,68,265,180,368,248,726,478
AM,17,2020-04-19,315,954,1618,3166,3694,4120,5627,1507,163,58,417,189,467,247,1047,800
AM,18,2020-04-26,560,1020,1968,3344,4112,4364,6640,2276,245,66,350,178,418,244,1013,769
AM,19,2020-05-03,773,1083,2211,3546,4426,4629,7410,2781,213,63,243,202,314,265,770,505
AM,20,2020-05-10,975,1135,2352,3715,4650,4850,7977,3127,202,52,141,169,224,221,567,346
AM,21,2020-05-17,1141,1196,2448,3893,4836,5089,8425,3336,166,61,96,178,186,239,448,209
AM,22,2020-05-24,1291,1248,2529,4097,4995,5345,8815,3470,150,52,81,204,159,256,390,134
AM,23,2020-05-31,1404,1304,2590,4290,5138,5594,9132,3538,113,56,61,193,143,249,317,68
AM,24,2020-06-07,1467,1350,2634,4494,5306,5844,9407,3563,63,46,44,204,168,250,275,25
AM,25,2020-06-14,1517,1396,2669,4700,5472,6096,9658,3562,50,46,35,206,166,252,251,-1
AM,26,2020-06-21,1566,1454,2720,4908,5616,6362,9902,3540,49,58,51,208,144,266,244,-22
AM,27,2020-06-28,1596,1512,2758,5131,5722,6643,10076,3433,30,58,38,223,106,281,174,-107
AM,28,2020-07-05,1608,1569,2775,5310,5768,6879,10151,3272,12,57,17,179,46,236,75,-161
AM,29,2020-07-12,1608,1625,2775,5513,5768,7138,10151,3013,0,56,0,203,0,259,0,-259
AM,30,2020-07-19,1608,1669,2775,5712,5768,7381,10151,2770,0,44,0,199,0,243,0,-243
AM,31,2020-07-26,1608,1729,2775,5900,5768,7629,10151,2522,0,60,0,188,0,248,0,-248
AM,32,2020-08-02,1608,1775,2775,6090,5768,7865,10151,2286,0,46,0,190,0,236,0,-236
AM,33,2020-08-09,1608,1834,2775,6278,5768,8112,10151,2039,0,59,0,188,0,247,0,-247
AM,34,2020-08-16,1608,1899,2775,6480,5768,8379,10151,1772,0,65,0,202,0,267,0,-267
AM,35,2020-08-23,1608,1959,2775,6676,5768,8635,10151,1516,0,60,0,196,0,256,0,-256
AM,36,2020-08-30,1608,2026,2775,6863,5768,8889,10151,1262,0,67,0,187,0,254,0,-254
AM,37,2020-09-06,1608,2077,2775,7078,5768,9155,10151,996,0,51,0,215,0,266,0,-266
AM,38,2020-09-13,1608,2136,2775,7285,5768,9421,10151,730,0,59,0,207,0,266,0,-266
AM,39,2020-09-20,1608,2191,2775,7471,5768,9662,10151,489,0,55,0,186,0,241,0,-241
AM,40,2020-09-27,1608,2250,2775,7664,5768,9914,10151,237,0,59,0,193,0,252,0,-252
AM,41,2020-10-04,1608,2300,2775,7832,5768,10132,10151,19,0,50,0,168,0,218,0,-218
AM,42,2020-10-11,1608,2353,2775,8023,5768,10376,10151,-225,0,53,0,191,0,244,0,-244
AM,43,2020-10-18,1608,2402,2775,8211,5768,10613,10151,-462,0,49,0,188,0,237,0,-237
AM,44,2020-10-25,1608,2451,2775,8421,5768,10872,10151,-721,0,49,0,210,0,259,0,-259
AM,45,2020-11-01,1608,2490,2775,8621,5768,11111,10151,-960,0,39,0,200,0,239,0,-239
AM,46,2020-11-08,1608,2533,2775,8770,5768,11303,10151,-1152,0,43,0,149,0,192,0,-192
AM,47,2020-11-15,1608,2585,2775,8918,5768,11503,10151,-1352,0,52,0,148,0,200,0,-200
AM,48,2020-11-22,1608,2641,2775,9111,5768,11752,10151,-1601,0,56,0,193,0,249,0,-249
AM,49,2020-11-29,1608,2687,2775,9287,5768,11974,10151,-1823,0,46,0,176,0,222,0,-222
AM,50,2020-12-06,1608,2746,2775,9490,5768,12236,10151,-2085,0,59,0,203,0,262,0,-262
AM,51,2020-12-13,1608,2789,2775,9655,5768,12444,10151,-2293,0,43,0,165,0,208,0,-208
AM,52,2020-12-20,1608,2852,2775,9862,5768,12714,10151,-2563,0,63,0,207,0,270,0,-270
AM,53,2020-12-27,1608,2900,2775,9998,5768,12898,10151,-2747,0,48,0,136,0,184,0,-184
AP,1,2020-01-01,0,5,9,25,20,30,29,-1,0,5,9,25,20,30,29,-1
AP,2,2020-01-05,0,10,21,55,51,65,72,7,0,5,12,30,31,35,43,8
AP,3,2020-01-12,0,21,30,84,76,105,106,1,0,11,9,29,25,40,34,-6
AP,4,2020-01-19,0,29,43,125,109,154,152,-2,0,8,13,41,33,49,46,-3
AP,5,2020-01-26,0,41,54,157,143,198,197,-1,0,12,11,32,34,44,45,1
AP,6,2020-02-02,0,60,65,172,177,232,242,10,0,19,11,15,34,34,45,11
AP,7,2020-02-09,0,79,83,211,203,290,286,-4,0,19,18,39,26,58,44,-14
AP,8,2020-02-16,0,97,97,234,233,331,330,-1,0,18,14,23,30,41,44,3
AP,9,2020-02-23,0,104,108,267,267,371,375,4,0,7,11,33,34,40,45,5
AP,10,2020-03-01,0,119,117,302,297,421,414,-7,0,15,9,35,30,50,39,-11
AP,11,2020-03-08,0,128,117,339,317,467,434,-33,0,9,0,37,20,46,20,-26
AP,12,2020-03-15,0,144,125,381,339,525,464,-61,0,16,8,42,22,58,30,-28
AP,13,2020-03-22,0,169,136,422,353,591,489,-102,0,25,11,41,14,66,25,-41
AP,14,2020-03-29,0,186,140,462,375,648,515,-133,0,17,4,40,22,57,26,-31
AP,15,2020-04-05,1,209,160,495,400,704,561,-143,1,23,20,33,25,56,46,-10
AP,16,2020-04-12,4,223,172,530,427,753,603,-150,3,14,12,35,27,49,42,-7
AP,17,2020-04-19,11,248,182,562,444,810,637,-173,7,25,10,32,17,57,34,-23
AP,18,2020-04-26,36,259,199,602,465,861,700,-161,25,11,17,40,21,51,63,12
AP,19,2020-05-03,78,276,215,631,486,907,779,-128,42,17,16,29,21,46,79,33
AP,20,2020-05-10,136,292,239,674,510,966,885,-81,58,16,24,43,24,59,106,47
AP,21,2020-05-17,202,312,253,717,542,1029,997,-32,66,20,14,43,32,63,112,49
AP,22,2020-05-24,269,327,268,755,566,1082,1103,21,67,15,15,38,24,53,106,53
AP,23,2020-05-31,321,336,278,790,582,1126,1181,55,52,9,10,35,16,44,78,34
AP,24,2020-06-07,346,352,282,836,606,1188,1234,46,25,16,4,46,24,62,53,-9
AP,25,2020-06-14,376,370,293,878,618,1248,1287,39,30,18,11,42,12,60,53,-7
AP,26,2020-06-21,391,383,301,910,625,1293,1317,24,15,13,8,32,7,45,30,-15
AP,27,2020-06-28,403,393,301,947,633,1340,1337,-3,12,10,0,37,8,47,20,-27
AP,28,2020-07-05,404,413,301,979,634,1392,1339,-53,1,20,0,32,1,52,2,-50
AP,29,2020-07-12,404,425,301,1010,634,1435,1339,-96,0,12,0,31,0,43,0,-43
AP,30,2020-07-19,404,440,301,1039,634,1479,1339,-140,0,15,0,29,0,44,0,-44
AP,31,2020-07-26,404,454,301,1067,634,1521,1339,-182,0,14,0,28,0,42,0,-42
AP,32,2020-08-02,404,472,301,1088,634,1560,1339,-221,0,18,0,21,0,39,0,-39
AP,33,2020-08-09,404,482,301,1120,634,1602,1339,-263,0,10,0,32,0,42,0,-42
AP,34,2020-08-16,404,492,301,1146,634,1638,1339,-299,0,10,0,26,0,36,0,-36
AP,35,2020-08-23,404,502,301,1186,634,1688,1339,-349,0,10,0,40,0,50,0,-50
AP,36,2020-08-30,404,513,301,1217,634,1730,1339,-391,0,11,0,31,0,42,0,-42
AP,37,2020-09-06,404,524,301,1246,634,1770,1339,-431,0,11,0,29,0,40,0,-40
AP,38,2020-09-13,404,533,301,1274,634,1807,1339,-468,0,9,0,28,0,37,0,-37
AP,39,2020-09-20,404,555,301,1304,634,1859,1339,-520,0,22,0,30,0,52,0,-52
AP,40,2020-09-27,404,567,301,1329,634,1896,1339,-557,0,12,0,25,0,37,0,-37
AP,41,2020-10-04,404,572,301,1360,634,1932,1339,-593,0,5,0,31,0,36,0,-36
AP,42,2020-10-11,404,587,301,1387,634,1974,1339,-635,0,15,0,27,0,42,0,-42
AP,43,2020-10-18,404,601,301,1421,634,2022,1339,-683,0,14,0,34,0,48,0,-48
AP,44,2020-10-25,404,615,301,1457,634,2072,1339,-733,0,14,0,36,0,50,0,-50
AP,45,2020-11-01,404,629,301,1494,634,2123,1339,-784,0,14,0,37,0,51,0,-51
AP,46,2020-11-08,404,637,301,1528,634,2165,1339,-826,0,8,0,34,0,42,0,-42
AP,47,2020-11-16,404,646,301,1554,634,2200,1339,-861,0,9,0,26,0,35,0,-35
AP,48,2020-11-22,404,664,301,1577,634,2241,1339,-902,0,18,0,23,0,41,0,-41
AP,49,2020-11-29,404,678,301,1602,634,2280,1339,-941,0,14,0,25,0,39,0,-39
AP,50,2020-12-06,404,683,301,1630,634,2313,1339,-974,0,5,0,28,0,33,0,-33
AP,51,2020-12-13,404,696,301,1658,634,2354,1339,-1015,0,13,0,28,0,41,0,-41
AP,52,2020-12-20,404,716,301,1688,634,2404,1339,-1065,0,20,0,30,0,50,0,-50
AP,53,2020-12-27,404,728,301,1702,634,2430,1339,-1091,0,12,0,14,0,26,0,-26
BA,1,2020-01-01,0,136,129,477,499,613,628,15,0,136,129,477,499,613,628,15
BA,2,2020-01-05,0,374,385,1295,1388,1669,1773,104,0,238,256,818,889,1056,1145,89
BA,3,2020-01-12,0,610,638,2135,2282,2745,2920,175,0,236,253,840,894,1076,1147,71
BA,4,2020-01-19,0,841,864,2966,3149,3807,4013,206,0,231,226,831,867,1062,1093,31
BA,5,2020-01-26,0,1086,1086,3743,3963,4829,5049,220,0,245,222,777,814,1022,1036,14
BA,6,2020-02-02,0,1327,1303,4627,4808,5954,6111,157,0,241,217,884,845,1125,1062,-63
BA,7,2020-02-09,0,1608,1544,5511,5630,7119,7174,55,0,281,241,884,822,1165,1063,-102
BA,8,2020-02-16,0,1859,1774,6374,6513,8233,8287,54,0,251,230,863,883,1114,1113,-1
BA,9,2020-02-23,0,2063,2053,7106,7371,9169,9424,255,0,204,279,732,858,936,1137,201
BA,10,2020-03-01,0,2288,2330,7959,8253,10247,10583,336,0,225,277,853,882,1078,1159,81
BA,11,2020-03-08,0,2502,2579,8780,9016,11282,11595,313,0,214,249,821,763,1035,1012,-23
BA,12,2020-03-15,1,2762,2827,9660,9833,12422,12661,239,1,260,248,880,817,1140,1066,-74
BA,13,2020-03-22,5,2998,3079,10526,10657,13524,13741,217,4,236,252,866,824,1102,1080,-22
BA,14,2020-03-29,13,3245,3330,11358,11571,14603,14914,311,8,247,251,832,914,1079,1173,94
BA,15,2020-04-05,20,3475,3567,12207,12460,15682,16047,365,7,230,237,849,889,1079,1133,54
BA,16,2020-04-12,40,3718,3805,13048,13334,16766,17179,413,20,243,238,841,874,1084,1132,48
BA,17,2020-04-19,84,3960,4044,13921,14219,17881,18347,466,44,242,239,873,885,1115,1168,53
BA,18,2020-04-26,140,4205,4245,14780,15121,18985,19506,521,56,245,201,859,902,1104,1159,55
BA,19,2020-05-03,242,4487,4487,15618,16038,20105,20767,662,102,282,242,838,917,1120,1261,141
BA,20,2020-05-10,380,4739,4690,16527,16914,21266,21984,718,138,252,203,909,876,1161,1217,56
BA,21,2020-05-17,588,5053,4948,17431,17768,22484,23304,820,208,314,258,904,854,1218,1320,102
BA,22,2020-05-24,844,5363,5181,18307,18543,23670,24568,898,256,310,233,876,775,1186,1264,78
BA,23,2020-05-31,1137,5655,5397,19242,19465,24897,25999,1102,293,292,216,935,922,1227,1431,204
BA,24,2020-06-07,1458,5971,5621,20161,20370,26132,27449,1317,321,316,224,919,905,1235,1450,215
BA,25,2020-06-14,1795,6258,5832,21068,21170,27326,28797,1471,337,287,211,907,800,1194,1348,154
BA,26,2020-06-21,2090,6544,6038,22080,21998,28624,30126,1502,295,286,206,1012,828,1298,1329,31
BA,27,2020-06-28,2397,6803,6216,23022,22679,29825,31292,1467,307,259,178,942,681,1201,1166,-35
BA,28,2020-07-05,2599,7100,6334,24041,23103,31141,32036,895,202,297,118,1019,424,1316,744,-572
BA,29,2020-07-12,2603,7402,6335,24977,23106,32379,32044,-335,4,302,1,936,3,1238,8,-1230
BA,30,2020-07-19,2603,7691,6335,25972,23106,33663,32044,-1619,0,289,0,995,0,1284,0,-1284
BA,31,2020-07-26,2603,7970,6335,26929,23106,34899,32044,-2855,0,279,0,957,0,1236,0,-1236
BA,32,2020-08-02,2603,8237,6335,27910,23106,36147,32044,-4103,0,267,0,981,0,1248,0,-1248
BA,33,2020-08-09,2603,8462,6335,28827,23106,37289,32044,-5245,0,225,0,917,0,1142,0,-1142
BA,34,2020-08-16,2603,8731,6335,29773,23106,38504,32044,-6460,0,269,0,946,0,1215,0,-1215
BA,35,2020-08-23,2603,8982,6335,30591,23106,39573,32044,-7529,0,251,0,818,0,1069,0,-1069
BA,36,2020-08-30,2603,9244,6335,31473,23106,40717,32044,-8673,0,262,0,882,0,1144,0,-1144
BA,37,2020-09-06,2603,9485,6335,32304,23106,41789,32044,-9745,0,241,0,831,0,1072,0,-1072
BA,38,2020-09-13,2603,9732,6335,33200,23106,42932,32044,-10888,0,247,0,896,0,1143,0,-1143
BA,39,2020-09-20,2603,9983,6335,34121,23106,44104,32044,-12060,0,251,0,921,0,1172,0,-1172
BA,40,2020-09-27,2603,10279,6335,35019,23106,45298,32044,-13254,0,296,0,898,0,1194,0,-1194
BA,41,2020-10-04,2603,10544,6335,35917,23106,46461,32044,-14417,0,265,0,898,0,1163,0,-1163
BA,42,2020-10-11,2603,10794,6335,36849,23106,47643,32044,-15599,0,250,0,932,0,1182,0,-1182
BA,43,2020-10-18,2603,11064,6335,37763,23106,48827,32044,-16783,0,270,0,914,0,1184,0,-1184
BA,44,2020-10-25,2603,11282,6335,38647,23106,49929,32044,-17885,0,218,0,884,0,1102,0,-1102
BA,45,2020-11-01,2603,11539,6335,39474,23106,51013,32044,-18969,0,257,0,827,0,1084,0,-1084
BA,46,2020-11-08,2603,11787,6335,40326,23106,52113,32044,-20069,0,248,0,852,0,1100,0,-1100
BA,47,2020-11-15,2603,12042,6335,41175,23106,53217,32044,-21173,0,255,0,849,0,1104,0,-1104
BA,48,2020-11-22,2603,12315,6335,42080,23106,54395,32044,-22351,0,273,0,905,0,1178,0,-1178
BA,49,2020-11-29,2603,12573,6335,42954,23106,55527,32044,-23483,0,258,0,874,0,1132,0,-1132
BA,50,2020-12-06,2603,12817,6335,43800,23106,56617,32044,-24573,0,244,0,846,0,1090,0,-1090
BA,51,2020-12-13,2603,13033,6335,44655,23106,57688,32044,-25644,0,216,0,855,0,1071,0,-1071
BA,52,2020-12-20,2603,13301,6335,45503,23106,58804,32044,-26760,0,268,0,848,0,1116,0,-1116
BA,53,2020-12-27,2603,13474,6335,46108,23106,59582,32044,-27538,0,173,0,605,0,778,0,-778
CE,1,2020-01-01,0,87,104,361,326,448,430,-18,0,87,104,361,326,448,430,-18
CE,2,2020-01-05,0,258,280,891,856,1149,1136,-13,0,171,176,530,530,701,706,5
CE,3,2020-01-12,0,406,454,1379,1379,1785,1833,48,0,148,174,488,523,636,697,61
CE,4,2020-01-19,0,587,638,1953,1901,2540,2539,-1,0,181,184,574,522,755,706,-49
CE,5,2020-01-26,0,759,825,2487,2452,3246,3277,31,0,172,187,534,551,706,738,32
CE,6,2020-02-02,0,923,991,3015,3002,3938,3993,55,0,164,166,528,550,692,716,24
CE,7,2020-02-09,0,1089,1181,3555,3584,4644,4765,121,0,166,190,540,582,706,772,66
CE,8,2020-02-16,0,1301,1373,4026,4123,5327,5496,169,0,212,192,471,539,683,731,48
CE,9,2020-02-23,0,1463,1609,4492,4729,5955,6338,383,0,162,236,466,606,628,842,214
CE,10,2020-03-01,0,1667,1825,5057,5295,6724,7120,396,0,204,216,565,566,769,782,13
CE,11,2020-03-08,0,1875,2053,5663,5848,7538,7901,363,0,208,228,606,553,814,781,-33
CE,12,2020-03-15,4,2091,2269,6220,6420,8311,8693,382,4,216,216,557,572,773,792,19
CE,13,2020-03-22,26,2307,2477,6777,7030,9084,9533,449,22,216,208,557,610,773,840,67
CE,14,2020-03-29,75,2544,2684,7325,7600,9869,10359,490,49,237,207,548,570,785,826,41
CE,15,2020-04-05,156,2803,2911,7899,8202,10702,11269,567,81,259,227,574,602,833,910,77
CE,16,2020-04-12,297,3038,3128,8478,8781,11516,12206,690,141,235,217,579,579,814,937,123
CE,17,2020-04-19,561,3343,3358,9084,9419,12427,13338,911,264,305,230,606,638,911,1132,221
CE,18,2020-04-26,1061,3626,3599,9679,10163,13305,14823,1518,500,283,241,595,744,878,1485,607
CE,19,2020-05-03,1931,3890,3871,10251,10950,14141,16752,2611,870,264,272,572,787,836,1929,1093
CE,20,2020-05-10,2904,4130,4135,10863,11670,14993,18709,3716,973,240,264,612,720,852,1957,1105
CE,21,2020-05-17,3801,4368,4368,11445,12417,15813,20586,4773,897,238,233,582,747,820,1877,1057
CE,22,2020-05-24,4466,4585,4519,11989,13050,16574,22035,5461,665,217,151,544,633,761,1449,688
CE,23,2020-05-31,4983,4790,4670,12600,13597,17390,23250,5860,517,205,151,611,547,816,1215,399
CE,24,2020-06-07,5342,4989,4799,13166,14146,18155,24287,6132,359,199,129,566,549,765,1037,272
CE,25,2020-06-14,5642,5171,4917,13682,14661,18853,25220,6367,300,182,118,516,515,698,933,235
CE,26,2020-06-21,5911,5380,5030,14219,15103,19599,26044,6445,269,209,113,537,442,746,824,78
CE,27,2020-06-28,6102,5598,5124,14776,15433,20374,26659,6285,191,218,94,557,330,775,615,-160
CE,28,2020-07-05,6176,5817,5169,15305,15556,21122,26901,5779,74,219,45,529,123,748,242,-506
CE,29,2020-07-12,6176,5985,5169,15808,15557,21793,26902,5109,0,168,0,503,1,671,1,-670
CE,30,2020-07-19,6176,6203,5169,16332,15557,22535,26902,4367,0,218,0,524,0,742,0,-742
CE,31,2020-07-26,6176,6380,5169,16912,15557,23292,26902,3610,0,177,0,580,0,757,0,-757
CE,32,2020-08-02,6176,6563,5169,17391,15557,23954,26902,2948,0,183,0,479,0,662,0,-662
CE,33,2020-08-09,6176,6723,5169,17883,15557,24606,26902,2296,0,160,0,492,0,652,0,-652
CE,34,2020-08-16,6176,6839,5169,18293,15557,25132,26902,1770,0,116,0,410,0,526,0,-526
CE,35,2020-08-23,6176,7020,5169,18771,15557,25791,26902,1111,0,181,0,478,0,659,0,-659
CE,36,2020-08-30,6176,7196,5169,19295,15557,26491,26902,411,0,176,0,524,0,700,0,-700
CE,37,2020-09-06,6176,7371,5169,19814,15557,27185,26902,-283,0,175,0,519,0,694,0,-694
CE,38,2020-09-13,6176,7544,5169,20313,15557,27857,26902,-955,0,173,0,499,0,672,0,-672
CE,39,2020-09-20,6176,7723,5169,20800,15557,28523,26902,-1621,0,179,0,487,0,666,0,-666
CE,40,2020-09-27,6176,7893,5169,21330,15557,29223,26902,-2321,0,170,0,530,0,700,0,-700
CE,41,2020-10-04,6176,8065,5169,21889,15557,29954,26902,-3052,0,172,0,559,0,731,0,-731
CE,42,2020-10-11,6176,8240,5169,22439,15557,30679,26902,-3777,0,175,0,550,0,725,0,-725
CE,43,2020-10-18,6176,8421,5169,22947,15557,31368,26902,-4466,0,181,0,508,0,689,0,-689
CE,44,2020-10-25,6176,8607,5169,23486,15557,32093,26902,-5191,0,186,0,539,0,725,0,-725
CE,45,2020-11-01,6176,8781,5169,24048,15557,32829,26902,-5927,0,174,0,562,0,736,0,-736
CE,46,2020-11-08,6176,8982,5169,24564,15557,33546,26902,-6644,0,201,0,516,0,717,0,-717
CE,47,2020-11-15,6176,9150,5169,25145,15557,34295,26902,-7393,0,168,0,581,0,749,0,-749
CE,48,2020-11-22,6176,9317,5169,25696,15557,35013,26902,-8111,0,167,0,551,0,718,0,-718
CE,49,2020-11-29,6176,9507,5169,26252,15557,35759,26902,-8857,0,190,0,556,0,746,0,-746
CE,50,2020-12-06,6176,9695,5169,26778,15557,36473,26902,-9571,0,188,0,526,0,714,0,-714
CE,51,2020-12-13,6176,9878,5169,27340,15557,37218,26902,-10316,0,183,0,562,0,745,0,-745
CE,52,2020-12-20,6176,10054,5169,27872,15557,37926,26902,-11024,0,176,0,532,0,708,0,-708
CE,53,2020-12-27,6176,10184,5169,28277,15557,38461,26902,-11559,0,130,0,405,0,535,0,-535
DF,1,2020-01-01,0,44,54,115,103,159,157,-2,0,44,54,115,103,159,157,-2
DF,2,2020-01-05,0,126,143,286,271,412,414,2,0,82,89,171,168,253,257,4
DF,3,2020-01-12,0,207,224,463,447,670,671,1,0,81,81,177,176,258,257,-1
DF,4,2020-01-19,0,282,308,635,653,917,961,44,0,75,84,172,206,247,290,43
DF,5,2020-01-26,0,361,398,787,840,1148,1238,90,0,79,90,152,187,231,277,46
DF,6,2020-02-02,0,428,470,959,1019,1387,1489,102,0,67,72,172,179,239,251,12
DF,7,2020-02-09,0,504,545,1131,1182,1635,1727,92,0,76,75,172,163,248,238,-10
DF,8,2020-02-16,0,580,623,1306,1341,1886,1964,78,0,76,78,175,159,251,237,-14
DF,9,2020-02-23,0,635,700,1442,1525,2077,2225,148,0,55,77,136,184,191,261,70
DF,10,2020-03-01,0,715,771,1627,1711,2342,2482,140,0,80,71,185,186,265,257,-8
DF,11,2020-03-08,0,782,845,1810,1939,2592,2784,192,0,67,74,183,228,250,302,52
DF,12,2020-03-15,0,868,939,1991,2137,2859,3076,217,0,86,94,181,198,267,292,25
DF,13,2020-03-22,5,933,1033,2180,2299,3113,3337,224,5,65,94,189,162,254,261,7
DF,14,2020-03-29,23,1007,1119,2364,2492,3371,3634,263,18,74,86,184,193,258,297,39
DF,15,2020-04-05,30,1081,1200,2554,2691,3635,3921,286,7,74,81,190,199,264,287,23
DF,16,2020-04-12,44,1158,1271,2728,2861,3886,4176,290,14,77,71,174,170,251,255,4
DF,17,2020-04-19,52,1248,1324,2919,3041,4167,4417,250,8,90,53,191,180,281,241,-40
DF,18,2020-04-26,66,1344,1382,3126,3230,4470,4678,208,14,96,58,207,189,303,261,-42
DF,19,2020-05-03,81,1440,1449,3279,3394,4719,4924,205,15,96,67,153,164,249,246,-3
DF,20,2020-05-10,106,1540,1520,3467,3569,5007,5195,188,25,100,71,188,175,288,271,-17
DF,21,2020-05-17,157,1628,1594,3622,3719,5250,5470,220,51,88,74,155,150,243,275,32
DF,22,2020-05-24,238,1723,1657,3794,3885,5517,5780,263,81,95,63,172,166,267,310,43
DF,23,2020-05-31,330,1819,1728,3948,4064,5767,6122,355,92,96,71,154,179,250,342,92
DF,24,2020-06-07,436,1924,1795,4127,4256,6051,6487,436,106,105,67,179,192,284,365,81
DF,25,2020-06-14,567,2032,1874,4324,4425,6356,6866,510,131,108,79,197,169,305,379,74
DF,26,2020-06-21,687,2129,1959,4481,4582,6610,7228,618,120,97,85,157,157,254,362,108
DF,27,2020-06-28,853,2226,2034,4665,4746,6891,7633,742,166,97,75,184,164,281,405,124
DF,28,2020-07-05,947,2308,2072,4848,4880,7156,7899,743,94,82,38,183,134,265,266,1
DF,29,2020-07-12,948,2387,2073,5070,4881,7457,7902,445,1,79,1,222,1,301,3,-298
DF,30,2020-07-19,948,2456,2073,5304,4881,7760,7902,142,0,69,0,234,0,303,0,-303
DF,31,2020-07-26,948,2535,2073,5491,4881,8026,7902,-124,0,79,0,187,0,266,0,-266
DF,32,2020-08-02,948,2630,2073,5681,4881,8311,7902,-409,0,95,0,190,0,285,0,-285
DF,33,2020-08-09,948,2714,2073,5868,4881,8582,7902,-680,0,84,0,187,0,271,0,-271
DF,34,2020-08-16,948,2822,2073,6067,4881,8889,7902,-987,0,108,0,199,0,307,0,-307
DF,35,2020-08-23,948,2908,2073,6244,4881,9152,7902,-1250,0,86,0,177,0,263,0,-263
DF,36,2020-08-30,948,3018,2073,6439,4881,9457,7902,-1555,0,110,0,195,0,305,0,-305
DF,37,2020-09-06,948,3101,2073,6637,4881,9738,7902,-1836,0,83,0,198,0,281,0,-281
DF,38,2020-09-13,948,3188,2073,6818,4881,10006,7902,-2104,0,87,0,181,0,268,0,-268
DF,39,2020-09-20,948,3289,2073,7039,4881,10328,7902,-2426,0,101,0,221,0,322,0,-322
DF,40,2020-09-27,948,3369,2073,7221,4881,10590,7902,-2688,0,80,0,182,0,262,0,-262
DF,41,2020-10-04,948,3441,2073,7419,4881,10860,7902,-2958,0,72,0,198,0,270,0,-270
DF,42,2020-10-11,948,3530,2073,7630,4881,11160,7902,-3258,0,89,0,211,0,300,0,-300
DF,43,2020-10-18,948,3617,2073,7844,4881,11461,7902,-3559,0,87,0,214,0,301,0,-301
DF,44,2020-10-25,948,3687,2073,8018,4881,11705,7902,-3803,0,70,0,174,0,244,0,-244
DF,45,2020-11-01,948,3779,2073,8200,4881,11979,7902,-4077,0,92,0,182,0,274,0,-274
DF,46,2020-11-08,948,3885,2073,8375,4881,12260,7902,-4358,0,106,0,175,0,281,0,-281
DF,47,2020-11-15,948,3949,2073,8547,4881,12496,7902,-4594,0,64,0,172,0,236,0,-236
DF,48,2020-11-22,948,4021,2073,8735,4881,12756,7902,-4854,0,72,0,188,0,260,0,-260
DF,49,2020-11-29,948,4109,2073,8906,4881,13015,7902,-5113,0,88,0,171,0,259,0,-259
DF,50,2020-12-06,948,4189,2073,9064,4881,13253,7902,-5351,0,80,0,158,0,238,0,-238
DF,51,2020-12-13,948,4280,2073,9237,4881,13517,7902,-5615,0,91,0,173,0,264,0,-264
DF,52,2020-12-20,948,4357,2073,9399,4881,13756,7902,-5854,0,77,0,162,0,239,0,-239
DF,53,2020-12-27,948,4422,2073,9526,4881,13948,7902,-6046,0,65,0,127,0,192,0,-192
ES,1,2020-01-01,0,73,66,213,172,286,238,-48,0,73,66,213,172,286,238,-48
ES,2,2020-01-05,0,201,162,517,500,718,662,-56,0,128,96,304,328,432,424,-8
ES,3,2020-01-12,0,313,304,795,869,1108,1173,65,0,112,142,278,369,390,511,121
ES,4,2020-01-19,0,433,427,1125,1197,1558,1624,66,0,120,123,330,328,450,451,1
ES,5,2020-01-26,0,557,524,1430,1497,1987,2021,34,0,124,97,305,300,429,397,-32
ES,6,2020-02-02,0,665,637,1706,1799,2371,2436,65,0,108,113,276,302,384,415,31
ES,7,2020-02-09,0,750,751,2021,2108,2771,2859,88,0,85,114,315,309,400,423,23
ES,8,2020-02-16,0,844,859,2317,2437,3161,3296,135,0,94,108,296,329,390,437,47
ES,9,2020-02-23,0,946,952,2592,2774,3538,3726,188,0,102,93,275,337,377,430,53
ES,10,2020-03-01,0,1076,1054,2920,3042,3996,4096,100,0,130,102,328,268,458,370,-88
ES,11,2020-03-08,0,1187,1176,3210,3406,4397,4582,185,0,111,122,290,364,401,486,85
ES,12,2020-03-15,0,1308,1299,3561,3724,4869,5023,154,0,121,123,351,318,472,441,-31
ES,13,2020-03-22,0,1427,1428,3864,4036,5291,5464,173,0,119,129,303,312,422,441,19
ES,14,2020-03-29,7,1539,1558,4174,4357,5713,5922,209,7,112,130,310,321,422,458,36
ES,15,2020-04-05,19,1658,1675,4506,4667,6164,6361,197,12,119,117,332,310,451,439,-12
ES,16,2020-04-12,42,1797,1788,4785,4978,6582,6808,226,23,139,113,279,311,418,447,29
ES,17,2020-04-19,73,1927,1880,5106,5265,7033,7218,185,31,130,92,321,287,451,410,-41
ES,18,2020-04-26,128,2044,1996,5379,5567,7423,7691,268,55,117,116,273,302,390,473,83
ES,19,2020-05-03,185,2182,2123,5676,5859,7858,8167,309,57,138,127,297,292,435,476,41
ES,20,2020-05-10,303,2314,2247,6012,6183,8326,8733,407,118,132,124,336,324,468,566,98
ES,21,2020-05-17,457,2441,2376,6343,6528,8784,9361,577,154,127,129,331,345,458,628,170
ES,22,2020-05-24,662,2584,2496,6669,6842,9253,10000,747,205,143,120,326,314,469,639,170
ES,23,2020-05-31,896,2721,2611,6993,7200,9714,10707,993,234,137,115,324,358,461,707,246
ES,24,2020-06-07,1116,2868,2727,7344,7522,10212,11365,1153,220,147,116,351,322,498,658,160
ES,25,2020-06-14,1386,3003,2846,7687,7799,10690,12031,1341,270,135,119,343,277,478,666,188
ES,26,2020-06-21,1595,3152,2947,8016,8089,11168,12631,1463,209,149,101,329,290,478,600,122
ES,27,2020-06-28,1821,3281,3020,8370,8360,11651,13201,1550,226,129,73,354,271,483,570,87
ES,28,2020-07-05,1918,3414,3076,8658,8506,12072,13500,1428,97,133,56,288,146,421,299,-122
ES,29,2020-07-12,1918,3579,3076,8984,8506,12563,13500,937,0,165,0,326,0,491,0,-491
ES,30,2020-07-19,1918,3734,3076,9332,8506,13066,13500,434,0,155,0,348,0,503,0,-503
ES,31,2020-07-26,1918,3874,3076,9661,8506,13535,13500,-35,0,140,0,329,0,469,0,-469
ES,32,2020-08-02,1918,3997,3076,10017,8506,14014,13500,-514,0,123,0,356,0,479,0,-479
ES,33,2020-08-09,1918,4140,3076,10355,8506,14495,13500,-995,0,143,0,338,0,481,0,-481
ES,34,2020-08-16,1918,4277,3076,10668,8506,14945,13500,-1445,0,137,0,313,0,450,0,-450
ES,35,2020-08-23,1918,4412,3076,10965,8506,15377,13500,-1877,0,135,0,297,0,432,0,-432
ES,36,2020-08-30,1918,4551,3076,11300,8506,15851,13500,-2351,0,139,0,335,0,474,0,-474
ES,37,2020-09-06,1918,4684,3076,11612,8506,16296,13500,-2796,0,133,0,312,0,445,0,-445
ES,38,2020-09-13,1918,4814,3076,11943,8506,16757,13500,-3257,0,130,0,331,0,461,0,-461
ES,39,2020-09-20,1918,4937,3076,12228,8506,17165,13500,-3665,0,123,0,285,0,408,0,-408
ES,40,2020-09-27,1918,5075,3076,12539,8506,17614,13500,-4114,0,138,0,311,0,449,0,-449
ES,41,2020-10-04,1918,5188,3076,12833,8506,18021,13500,-4521,0,113,0,294,0,407,0,-407
ES,42,2020-10-11,1918,5293,3076,13134,8506,18427,13500,-4927,0,105,0,301,0,406,0,-406
ES,43,2020-10-18,1918,5409,3076,13424,8506,18833,13500,-5333,0,116,0,290,0,406,0,-406
ES,44,2020-10-25,1918,5531,3076,13740,8506,19271,13500,-5771,0,122,0,316,0,438,0,-438
ES,45,2020-11-01,1918,5640,3076,14043,8506,19683,13500,-6183,0,109,0,303,0,412,0,-412
ES,46,2020-11-08,1918,5766,3076,14335,8506,20101,13500,-6601,0,126,0,292,0,418,0,-418
ES,47,2020-11-15,1918,5888,3076,14653,8506,20541,13500,-7041,0,122,0,318,0,440,0,-440
ES,48,2020-11-22,1918,5988,3076,14965,8506,20953,13500,-7453,0,100,0,312,0,412,0,-412
ES,49,2020-11-29,1918,6124,3076,15274,8506,21398,13500,-7898,0,136,0,309,0,445,0,-445
ES,50,2020-12-06,1918,6243,3076,15600,8506,21843,13500,-8343,0,119,0,326,0,445,0,-445
ES,51,2020-12-13,1918,6365,3076,15942,8506,22307,13500,-8807,0,122,0,342,0,464,0,-464
ES,52,2020-12-20,1918,6482,3076,16261,8506,22743,13500,-9243,0,117,0,319,0,436,0,-436
ES,53,2020-12-27,1918,6563,3076,16477,8506,23040,13500,-9540,0,81,0,216,0,297,0,-297
GO,1,2020-01-01,0,88,96,196,203,284,299,15,0,88,96,196,203,284,299,15
GO,2,2020-01-05,0,253,286,570,554,823,840,17,0,165,190,374,351,539,541,2
GO,3,2020-01-12,0,426,462,953,939,1379,1401,22,0,173,176,383,385,556,561,5
GO,4,2020-01-19,0,606,641,1300,1290,1906,1931,25,0,180,179,347,351,527,530,3
GO,5,2020-01-26,0,793,833,1659,1626,2452,2459,7,0,187,192,359,336,546,528,-18
GO,6,2020-02-02,0,969,1011,2008,2007,2977,3018,41,0,176,178,349,381,525,559,34
GO,7,2020-02-09,0,1143,1202,2360,2319,3503,3521,18,0,174,191,352,312,526,503,-23
GO,8,2020-02-16,0,1300,1367,2697,2665,3997,4032,35,0,157,165,337,346,494,511,17
GO,9,2020-02-23,0,1448,1526,3015,3035,4463,4561,98,0,148,159,318,370,466,529,63
GO,10,2020-03-01,0,1589,1733,3338,3369,4927,5102,175,0,141,207,323,334,464,541,77
GO,11,2020-03-08,0,1767,1950,3705,3737,5472,5687,215,0,178,217,367,368,545,585,40
GO,12,2020-03-15,0,1955,2176,4095,4106,6050,6282,232,0,188,226,390,369,578,595,17
GO,13,2020-03-22,3,2168,2378,4412,4427,6580,6808,228,3,213,202,317,321,530,526,-4
GO,14,2020-03-29,14,2355,2570,4776,4777,7131,7361,230,11,187,192,364,350,551,553,2
GO,15,2020-04-05,41,2550,2761,5148,5107,7698,7909,211,27,195,191,372,330,567,548,-19
GO,16,2020-04-12,54,2729,2915,5558,5439,8287,8408,121,13,179,154,410,332,589,499,-90
GO,17,2020-04-19,76,2914,3096,5956,5748,8870,8920,50,22,185,181,398,309,583,512,-71
GO,18,2020-04-26,100,3100,3269,6339,6093,9439,9462,23,24,186,173,383,345,569,542,-27
GO,19,2020-05-03,133,3280,3423,6689,6496,9969,10052,83,33,180,154,350,403,530,590,60
GO,20,2020-05-10,164,3456,3584,7083,6909,10539,10657,118,31,176,161,394,413,570,605,35
GO,21,2020-05-17,208,3636,3738,7436,7267,11072,11213,141,44,180,154,353,358,533,556,23
GO,22,2020-05-24,258,3857,3897,7840,7636,11697,11791,94,50,221,159,404,369,625,578,-47
GO,23,2020-05-31,319,4082,4068,8267,7997,12349,12384,35,61,225,171,427,361,652,593,-59
GO,24,2020-06-07,383,4290,4228,8659,8334,12949,12945,-4,64,208,160,392,337,600,561,-39
GO,25,2020-06-14,506,4489,4358,9069,8662,13558,13526,-32,123,199,130,410,328,609,581,-28
GO,26,2020-06-21,684,4704,4513,9456,8973,14160,14170,10,178,215,155,387,311,602,644,42
GO,27,2020-06-28,864,4923,4628,9828,9244,14751,14736,-15,180,219,115,372,271,591,566,-25
GO,28,2020-07-05,961,5159,4689,10257,9388,15416,15038,-378,97,236,61,429,144,665,302,-363
GO,29,2020-07-12,962,5367,4689,10637,9390,16004,15041,-963,1,208,0,380,2,588,3,-585
GO,30,2020-07-19,962,5598,4689,11006,9390,16604,15041,-1563,0,231,0,369,0,600,0,-600
GO,31,2020-07-26,962,5809,4689,11397,9390,17206,15041,-2165,0,211,0,391,0,602,0,-602
GO,32,2020-08-02,962,6018,4689,11735,9390,17753,15041,-2712,0,209,0,338,0,547,0,-547
GO,33,2020-08-09,962,6199,4689,12029,9390,18228,15041,-3187,0,181,0,294,0,475,0,-475
GO,34,2020-08-16,962,6423,4689,12383,9390,18806,15041,-3765,0,224,0,354,0,578,0,-578
GO,35,2020-08-23,962,6614,4689,12722,9390,19336,15041,-4295,0,191,0,339,0,530,0,-530
GO,36,2020-08-30,962,6821,4689,13095,9390,19916,15041,-4875,0,207,0,373,0,580,0,-580
GO,37,2020-09-06,962,7016,4689,13480,9390,20496,15041,-5455,0,195,0,385,0,580,0,-580
GO,38,2020-09-13,962,7240,4689,13879,9390,21119,15041,-6078,0,224,0,399,0,623,0,-623
GO,39,2020-09-20,962,7478,4689,14277,9390,21755,15041,-6714,0,238,0,398,0,636,0,-636
GO,40,2020-09-27,962,7676,4689,14676,9390,22352,15041,-7311,0,198,0,399,0,597,0,-597
GO,41,2020-10-04,962,7881,4689,15037,9390,22918,15041,-7877,0,205,0,361,0,566,0,-566
GO,42,2020-10-11,962,8084,4689,15367,9390,23451,15041,-8410,0,203,0,330,0,533,0,-533
GO,43,2020-10-18,962,8315,4689,15695,9390,24010,15041,-8969,0,231,0,328,0,559,0,-559
GO,44,2020-10-25,962,8497,4689,16035,9390,24532,15041,-9491,0,182,0,340,0,522,0,-522
GO,45,2020-11-01,962,8660,4689,16385,9390,25045,15041,-10004,0,163,0,350,0,513,0,-513
GO,46,2020-11-08,962,8830,4689,16763,9390,25593,15041,-10552,0,170,0,378,0,548,0,-548
GO,47,2020-11-15,962,9000,4689,17108,9390,26108,15041,-11067,0,170,0,345,0,515,0,-515
GO,48,2020-11-22,962,9175,4689,17447,9390,26622,15041,-11581,0,175,0,339,0,514,0,-514
GO,49,2020-11-29,962,9365,4689,17804,9390,27169,15041,-12128,0,190,0,357,0,547,0,-547
GO,50,2020-12-06,962,9539,4689,18138,9390,27677,15041,-12636,0,174,0,334,0,508,0,-508
GO,51,2020-12-13,962,9711,4689,18492,9390,28203,15041,-13162,0,172,0,354,0,526,0,-526
GO,52,2020-12-20,962,9916,4689,18839,9390,28755,15041,-13714,0,205,0,347,0,552,0,-552
GO,53,2020-12-27,962,10057,4689,19132,9390,29189,15041,-14148,0,141,0,293,0,434,0,-434
MA,1,2020-01-01,0,50,38,186,150,236,188,-48,0,50,38,186,150,236,188,-48
MA,2,2020-01-05,0,127,115,484,412,611,527,-84,0,77,77,298,262,375,339,-36
MA,3,2020-01-12,0,204,177,752,657,956,834,-122,0,77,62,268,245,345,307,-38
MA,4,2020-01-19,0,273,252,1003,972,1276,1224,-52,0,69,75,251,315,320,390,70
MA,5,2020-01-26,0,359,343,1248,1232,1607,1575,-32,0,86,91,245,260,331,351,20
MA,6,2020-02-02,0,439,416,1526,1551,1965,1967,2,0,80,73,278,319,358,392,34
MA,7,2020-02-09,0,518,519,1757,1841,2275,2360,85,0,79,103,231,290,310,393,83
MA,8,2020-02-16,0,593,608,2030,2106,2623,2714,91,0,75,89,273,265,348,354,6
MA,9,2020-02-23,0,658,695,2265,2391,2923,3086,163,0,65,87,235,285,300,372,72
MA,10,2020-03-01,0,730,792,2546,2648,3276,3440,164,0,72,97,281,257,353,354,1
MA,11,2020-03-08,0,822,906,2784,2901,3606,3807,201,0,92,114,238,253,330,367,37
MA,12,2020-03-15,0,921,1006,3039,3169,3960,4175,215,0,99,100,255,268,354,368,14
MA,13,2020-03-22,0,1012,1106,3311,3443,4323,4549,226,0,91,100,272,274,363,374,11
MA,14,2020-03-29,0,1085,1197,3575,3713,4660,4910,250,0,73,91,264,270,337,361,24
MA,15,2020-04-05,18,1179,1297,3841,3979,5020,5294,274,18,94,100,266,266,360,384,24
MA,16,2020-04-12,54,1283,1390,4095,4239,5378,5683,305,36,104,93,254,260,358,389,31
MA,17,2020-04-19,140,1374,1601,4384,4599,5758,6340,582,86,91,211,289,360,380,657,277
MA,18,2020-04-26,271,1469,1906,4638,5014,6107,7191,1084,131,95,305,254,415,349,851,502
MA,19,2020-05-03,414,1571,2211,4933,5395,6504,8020,1516,143,102,305,295,381,397,829,432
MA,20,2020-05-10,578,1659,2459,5206,5781,6865,8818,1953,164,88,248,273,386,361,798,437
MA,21,2020-05-17,770,1757,2641,5488,6140,7245,9551,2306,192,98,182,282,359,380,733,353
MA,22,2020-05-24,960,1857,2786,5797,6458,7654,10204,2550,190,100,145,309,318,409,653,244
MA,23,2020-05-31,1140,1957,2900,6094,6773,8051,10813,2762,180,100,114,297,315,397,609,212
MA,24,2020-06-07,1269,2039,2999,6356,7037,8395,11305,2910,129,82,99,262,264,344,492,148
MA,25,2020-06-14,1368,2119,3088,6593,7299,8712,11755,3043,99,80,89,237,262,317,450,133
MA,26,2020-06-21,1434,2186,3164,6883,7508,9069,12106,3037,66,67,76,290,209,357,351,-6
MA,27,2020-06-28,1475,2268,3214,7144,7629,9412,12318,2906,41,82,50,261,121,343,212,-131
MA,28,2020-07-05,1490,2339,3225,7408,7669,9747,12384,2637,15,71,11,264,40,335,66,-269
MA,29,2020-07-12,1490,2431,3225,7630,7669,10061,12384,2323,0,92,0,222,0,314,0,-314
MA,30,2020-07-19,1490,2507,3225,7897,7669,10404,12384,1980,0,76,0,267,0,343,0,-343
MA,31,2020-07-26,1490,2581,3225,8127,7669,10708,12384,1676,0,74,0,230,0,304,0,-304
MA,32,2020-08-02,1490,2654,3225,8333,7669,10987,12384,1397,0,73,0,206,0,279,0,-279
MA,33,2020-08-09,1490,2733,3225,8563,7669,11296,12384,1088,0,79,0,230,0,309,0,-309
MA,34,2020-08-16,1490,2820,3225,8802,7669,11622,12384,762,0,87,0,239,0,326,0,-326
MA,35,2020-08-23,1490,2886,3225,9031,7669,11917,12384,467,0,66,0,229,0,295,0,-295
MA,36,2020-08-30,1490,2950,3225,9262,7669,12212,12384,172,0,64,0,231,0,295,0,-295
MA,37,2020-09-06,1490,3016,3225,9546,7669,12562,12384,-178,0,66,0,284,0,350,0,-350
MA,38,2020-09-13,1490,3085,3225,9834,7669,12919,12384,-535,0,69,0,288,0,357,0,-357
MA,39,2020-09-20,1490,3164,3225,10051,7669,13215,12384,-831,0,79,0,217,0,296,0,-296
MA,40,2020-09-27,1490,3223,3225,10271,7669,13494,12384,-1110,0,59,0,220,0,279,0,-279
MA,41,2020-10-04,1490,3293,3225,10499,7669,13792,12384,-1408,0,70,0,228,0,298,0,-298
MA,42,2020-10-11,1490,3358,3225,10753,7669,14111,12384,-1727,0,65,0,254,0,319,0,-319
MA,43,2020-10-18,1490,3430,3225,10998,7669,14428,12384,-2044,0,72,0,245,0,317,0,-317
MA,44,2020-10-25,1490,3511,3225,11226,7669,14737,12384,-2353,0,81,0,228,0,309,0,-309
MA,45,2020-11-01,1490,3566,3225,11448,7669,15014,12384,-2630,0,55,0,222,0,277,0,-277
MA,46,2020-11-08,1490,3637,3225,11645,7669,15282,12384,-2898,0,71,0,197,0,268,0,-268
MA,47,2020-11-15,1490,3695,3225,11863,7669,15558,12384,-3174,0,58,0,218,0,276,0,-276
MA,48,2020-11-22,1490,3754,3225,12073,7669,15827,12384,-3443,0,59,0,210,0,269,0,-269
MA,49,2020-11-29,1490,3822,3225,12314,7669,16136,12384,-3752,0,68,0,241,0,309,0,-309
MA,50,2020-12-06,1490,3898,3225,12564,7669,16462,12384,-4078,0,76,0,250,0,326,0,-326
MA,51,2020-12-13,1490,3974,3225,12799,7669,16773,12384,-4389,0,76,0,235,0,311,0,-311
MA,52,2020-12-20,1490,4061,3225,13074,7669,17135,12384,-4751,0,87,0,275,0,362,0,-362
MA,53,2020-12-27,1490,4120,3225,13243,7669,17363,12384,-4979,0,59,0,169,0,228,0,-228
MG,1,2020-01-01,0,333,366,885,901,1218,1267,49,0,333,366,885,901,1218,1267,49
MG,2,2020-01-05,0,937,1033,2460,2504,3397,3537,140,0,604,667,1575,1603,2179,2270,91
MG,3,2020-01-12,0,1564,1702,3996,4120,5560,5822,262,0,627,669,1536,1616,2163,2285,122
MG,4,2020-01-19,0,2202,2325,5546,5659,7748,7984,236,0,638,623,1550,1539,2188,2162,-26
MG,5,2020-01-26,0,2783,2912,7063,7229,9846,10141,295,0,581,587,1517,1570,2098,2157,59
MG,6,2020-02-02,0,3368,3515,8607,8792,11975,12307,332,0,585,603,1544,1563,2129,2166,37
MG,7,2020-02-09,0,3945,4115,10109,10408,14054,14523,469,0,577,600,1502,1616,2079,2216,137
MG,8,2020-02-16,0,4483,4708,11568,12048,16051,16756,705,0,538,593,1459,1640,1997,2233,236
MG,9,2020-02-23,0,4940,5288,12919,13619,17859,18907,1048,0,457,580,1351,1571,1808,2151,343
MG,10,2020-03-01,0,5491,5911,14458,15295,19949,21206,1257,0,551,623,1539,1676,2090,2299,209
MG,11,2020-03-08,0,6107,6584,16008,16988,22115,23572,1457,0,616,673,1550,1693,2166,2366,200
MG,12,2020-03-15,0,6726,7327,17571,18715,24297,26042,1745,0,619,743,1563,1727,2182,2470,288
MG,13,2020-03-22,13,7291,7989,19091,20326,26382,28328,1946,13,565,662,1520,1611,2085,2286,201
MG,14,2020-03-29,57,7919,8588,20663,21958,28582,30603,2021,44,628,599,1572,1632,2200,2275,75
MG,15,2020-04-05,104,8547,9185,22334,23569,30881,32858,1977,47,628,597,1671,1611,2299,2255,-44
MG,16,2020-04-12,162,9153,9673,24011,25127,33164,34962,1798,58,606,488,1677,1558,2283,2104,-179
MG,17,2020-04-19,221,9782,10221,25658,26745,35440,37187,1747,59,629,548,1647,1618,2276,2225,-51
MG,18,2020-04-26,293,10411,10783,27328,28333,37739,39409,1670,72,629,562,1670,1588,2299,2222,-77
MG,19,2020-05-03,388,11101,11274,28979,29968,40080,41630,1550,95,690,491,1651,1635,2341,2221,-120
MG,20,2020-05-10,466,11748,11816,30750,31665,42498,43947,1449,78,647,542,1771,1697,2418,2317,-101
MG,21,2020-05-17,578,12430,12348,32450,33239,44880,46165,1285,112,682,532,1700,1574,2382,2218,-164
MG,22,2020-05-24,700,13144,12880,34146,34813,47290,48393,1103,122,714,532,1696,1574,2410,2228,-182
MG,23,2020-05-31,864,13800,13414,35685,36462,49485,50740,1255,164,656,534,1539,1649,2195,2347,152
MG,24,2020-06-07,1065,14547,13972,37499,38072,52046,53109,1063,201,747,558,1814,1610,2561,2369,-192
MG,25,2020-06-14,1294,15293,14425,39210,39445,54503,55164,661,229,746,453,1711,1373,2457,2055,-402
MG,26,2020-06-21,1439,16042,14655,40895,40209,56937,56303,-634,145,749,230,1685,764,2434,1139,-1295
MG,27,2020-06-28,1473,16733,14687,42531,40306,59264,56466,-2798,34,691,32,1636,97,2327,163,-2164
MG,28,2020-07-05,1495,17419,14702,44210,40358,61629,56555,-5074,22,686,15,1679,52,2365,89,-2276
MG,29,2020-07-12,1495,18185,14702,45971,40358,64156,56555,-7601,0,766,0,1761,0,2527,0,-2527
MG,30,2020-07-19,1495,18927,14702,47658,40358,66585,56555,-10030,0,742,0,1687,0,2429,0,-2429
MG,31,2020-07-26,1495,19724,14702,49401,40358,69125,56555,-12570,0,797,0,1743,0,2540,0,-2540
MG,32,2020-08-02,1495,20438,14702,50990,40358,71428,56555,-14873,0,714,0,1589,0,2303,0,-2303
MG,33,2020-08-09,1495,21096,14702,52601,40358,73697,56555,-17142,0,658,0,1611,0,2269,0,-2269
MG,34,2020-08-16,1495,21754,14702,54118,40358,75872,56555,-19317,0,658,0,1517,0,2175,0,-2175
MG,35,2020-08-23,1495,22423,14702,55658,40358,78081,56555,-21526,0,669,0,1540,0,2209,0,-2209
MG,36,2020-08-30,1495,23096,14702,57338,40358,80434,56555,-23879,0,673,0,1680,0,2353,0,-2353
MG,37,2020-09-06,1495,23730,14702,58869,40358,82599,56555,-26044,0,634,0,1531,0,2165,0,-2165
MG,38,2020-09-13,1495,24418,14702,60421,40358,84839,56555,-28284,0,688,0,1552,0,2240,0,-2240
MG,39,2020-09-20,1495,25045,14702,61941,40358,86986,56555,-30431,0,627,0,1520,0,2147,0,-2147
MG,40,2020-09-27,1495,25642,14702,63486,40358,89128,56555,-32573,0,597,0,1545,0,2142,0,-2142
MG,41,2020-10-04,1495,26266,14702,64987,40358,91253,56555,-34698,0,624,0,1501,0,2125,0,-2125
MG,42,2020-10-11,1495,26868,14702,66581,40358,93449,56555,-36894,0,602,0,1594,0,2196,0,-2196
MG,43,2020-10-18,1495,27476,14702,68097,40358,95573,56555,-39018,0,608,0,1516,0,2124,0,-2124
MG,44,2020-10-25,1495,28038,14702,69487,40358,97525,56555,-40970,0,562,0,1390,0,1952,0,-1952
MG,45,2020-11-01,1495,28613,14702,71014,40358,99627,56555,-43072,0,575,0,1527,0,2102,0,-2102
MG,46,2020-11-08,1495,29207,14702,72539,40358,101746,56555,-45191,0,594,0,1525,0,2119,0,-2119
MG,47,2020-11-15,1495,29713,14702,74003,40358,103716,56555,-47161,0,506,0,1464,0,1970,0,-1970
MG,48,2020-11-22,1495,30207,14702,75413,40358,105620,56555,-49065,0,494,0,1410,0,1904,0,-1904
MG,49,2020-11-29,1495,30761,14702,76938,40358,107699,56555,-51144,0,554,0,1525,0,2079,0,-2079
MG,50,2020-12-06,1495,31297,14702,78492,40358,109789,56555,-53234,0,536,0,1554,0,2090,0,-2090
MG,51,2020-12-13,1495,31900,14702,80054,40358,111954,56555,-55399,0,603,0,1562,0,2165,0,-2165
MG,52,2020-12-20,1495,32505,14702,81571,40358,114076,56555,-57521,0,605,0,1517,0,2122,0,-2122
MG,53,2020-12-27,1495,32900,14702,82660,40358,115560,56555,-59005,0,395,0,1089,0,1484,0,-1484
MS,1,2020-01-01,0,47,50,87,91,134,141,7,0,47,50,87,91,134,141,7
MS,2,2020-01-05,0,127,144,270,258,397,402,5,0,80,94,183,167,263,261,-2
MS,3,2020-01-12,0,209,232,444,443,653,675,22,0,82,88,174,185,256,273,17
MS,4,2020-01-19,0,299,308,621,628,920,936,16,0,90,76,177,185,267,261,-6
MS,5,2020-01-26,0,389,386,822,800,1211,1186,-25,0,90,78,201,172,291,250,-41
MS,6,2020-02-02,0,464,469,994,1008,1458,1477,19,0,75,83,172,208,247,291,44
MS,7,2020-02-09,0,551,570,1165,1179,1716,1749,33,0,87,101,171,171,258,272,14
MS,8,2020-02-16,0,659,643,1334,1375,1993,2018,25,0,108,73,169,196,277,269,-8
MS,9,2020-02-23,0,727,725,1502,1536,2229,2261,32,0,68,82,168,161,236,243,7
MS,10,2020-03-01,0,791,813,1692,1713,2483,2526,43,0,64,88,190,177,254,265,11
MS,11,2020-03-08,0,870,911,1842,1929,2712,2840,128,0,79,98,150,216,229,314,85
MS,12,2020-03-15,0,942,1022,2010,2163,2952,3185,233,0,72,111,168,234,240,345,105
MS,13,2020-03-22,0,1027,1127,2178,2340,3205,3467,262,0,85,105,168,177,253,282,29
MS,14,2020-03-29,1,1116,1230,2352,2513,3468,3744,276,1,89,103,174,173,263,277,14
MS,15,2020-04-05,2,1223,1313,2516,2683,3739,3998,259,1,107,83,164,170,271,254,-17
MS,16,2020-04-12,5,1320,1390,2679,2880,3999,4275,276,3,97,77,163,197,260,277,17
MS,17,2020-04-19,9,1407,1457,2854,3057,4261,4523,262,4,87,67,175,177,262,248,-14
MS,18,2020-04-26,11,1514,1527,3044,3221,4558,4759,201,2,107,70,190,164,297,236,-61
MS,19,2020-05-03,12,1621,1601,3194,3413,4815,5026,211,1,107,74,150,192,257,267,10
MS,20,2020-05-10,16,1709,1675,3386,3604,5095,5295,200,4,88,74,192,191,280,269,-11
MS,21,2020-05-17,21,1814,1742,3588,3822,5402,5585,183,5,105,67,202,218,307,290,-17
MS,22,2020-05-24,27,1931,1834,3819,4060,5750,5921,171,6,117,92,231,238,348,336,-12
MS,23,2020-05-31,32,2049,1908,4027,4249,6076,6189,113,5,118,74,208,189,326,268,-58
MS,24,2020-06-07,39,2172,1993,4258,4432,6430,6464,34,7,123,85,231,183,354,275,-79
MS,25,2020-06-14,53,2286,2067,4468,4626,6754,6746,-8,14,114,74,210,194,324,282,-42
MS,26,2020-06-21,78,2395,2146,4658,4791,7053,7015,-38,25,109,79,190,165,299,269,-30
MS,27,2020-06-28,112,2514,2207,4897,4958,7411,7277,-134,34,119,61,239,167,358,262,-96
MS,28,2020-07-05,129,2637,2238,5104,5024,7741,7391,-350,17,123,31,207,66,330,114,-216
MS,29,2020-07-12,129,2744,2238,5312,5024,8056,7391,-665,0,107,0,208,0,315,0,-315
MS,30,2020-07-19,129,2849,2238,5511,5024,8360,7391,-969,0,105,0,199,0,304,0,-304
MS,31,2020-07-26,129,2962,2238,5723,5024,8685,7391,-1294,0,113,0,212,0,325,0,-325
MS,32,2020-08-02,129,3067,2238,5934,5024,9001,7391,-1610,0,105,0,211,0,316,0,-316
MS,33,2020-08-09,129,3182,2238,6122,5024,9304,7391,-1913,0,115,0,188,0,303,0,-303
MS,34,2020-08-16,129,3296,2238,6302,5024,9598,7391,-2207,0,114,0,180,0,294,0,-294
MS,35,2020-08-23,129,3404,2238,6512,5024,9916,7391,-2525,0,108,0,210,0,318,0,-318
MS,36,2020-08-30,129,3510,2238,6729,5024,10239,7391,-2848,0,106,0,217,0,323,0,-323
MS,37,2020-09-06,129,3611,2238,6938,5024,10549,7391,-3158,0,101,0,209,0,310,0,-310
MS,38,2020-09-13,129,3737,2238,7138,5024,10875,7391,-3484,0,126,0,200,0,326,0,-326
MS,39,2020-09-20,129,3832,2238,7332,5024,11164,7391,-3773,0,95,0,194,0,289,0,-289
MS,40,2020-09-27,129,3924,2238,7535,5024,11459,7391,-4068,0,92,0,203,0,295,0,-295
MS,41,2020-10-04,129,4013,2238,7714,5024,11727,7391,-4336,0,89,0,179,0,268,0,-268
MS,42,2020-10-11,129,4092,2238,7900,5024,11992,7391,-4601,0,79,0,186,0,265,0,-265
MS,43,2020-10-18,129,4193,2238,8070,5024,12263,7391,-4872,0,101,0,170,0,271,0,-271
MS,44,2020-10-25,129,4290,2238,8266,5024,12556,7391,-5165,0,97,0,196,0,293,0,-293
MS,45,2020-11-01,129,4395,2238,8465,5024,12860,7391,-5469,0,105,0,199,0,304,0,-304
MS,46,2020-11-08,129,4481,2238,8640,5024,13121,7391,-5730,0,86,0,175,0,261,0,-261
MS,47,2020-11-15,129,4567,2238,8804,5024,13371,7391,-5980,0,86,0,164,0,250,0,-250
MS,48,2020-11-22,129,4657,2238,8987,5024,13644,7391,-6253,0,90,0,183,0,273,0,-273
MS,49,2020-11-29,129,4736,2238,9177,5024,13913,7391,-6522,0,79,0,190,0,269,0,-269
MS,50,2020-12-06,129,4809,2238,9352,5024,14161,7391,-6770,0,73,0,175,0,248,0,-248
MS,51,2020-12-13,129,4876,2238,9505,5024,14381,7391,-6990,0,67,0,153,0,220,0,-220
MS,52,2020-12-20,129,4959,2238,9681,5024,14640,7391,-7249,0,83,0,176,0,259,0,-259
MS,53,2020-12-27,129,5020,2238,9815,5024,14835,7391,-7444,0,61,0,134,0,195,0,-195
MT,1,2020-01-01,0,20,16,103,107,123,123,0,0,20,16,103,107,123,123,0
MT,2,2020-01-05,0,38,51,275,335,313,386,73,0,18,35,172,228,190,263,73
MT,3,2020-01-12,0,69,76,447,543,516,619,103,0,31,25,172,208,203,233,30
MT,4,2020-01-19,0,104,107,621,706,725,813,88,0,35,31,174,163,209,194,-15
MT,5,2020-01-26,0,134,138,821,905,955,1043,88,0,30,31,200,199,230,230,0
MT,6,2020-02-02,0,159,174,991,1105,1150,1279,129,0,25,36,170,200,195,236,41
MT,7,2020-02-09,0,183,193,1157,1328,1340,1521,181,0,24,19,166,223,190,242,52
MT,8,2020-02-16,0,219,222,1323,1527,1542,1749,207,0,36,29,166,199,202,228,26
MT,9,2020-02-23,0,248,247,1507,1743,1755,1990,235,0,29,25,184,216,213,241,28
MT,10,2020-03-01,0,285,278,1686,1970,1971,2248,277,0,37,31,179,227,216,258,42
MT,11,2020-03-08,0,322,308,1909,2243,2231,2551,320,0,37,30,223,273,260,303,43
MT,12,2020-03-15,1,361,351,2108,2470,2469,2822,353,1,39,43,199,227,238,271,33
MT,13,2020-03-22,1,409,372,2297,2692,2706,3065,359,0,48,21,189,222,237,243,6
MT,14,2020-03-29,3,441,410,2525,2863,2966,3276,310,2,32,38,228,171,260,211,-49
MT,15,2020-04-05,5,483,443,2732,3083,3215,3531,316,2,42,33,207,220,249,255,6
MT,16,2020-04-12,6,518,475,2929,3265,3447,3746,299,1,35,32,197,182,232,215,-17
MT,17,2020-04-19,10,554,499,3129,3473,3683,3982,299,4,36,24,200,208,236,236,0
MT,18,2020-04-26,12,592,523,3356,3669,3948,4204,256,2,38,24,227,196,265,222,-43
MT,19,2020-05-03,14,637,552,3567,3851,4204,4417,213,2,45,29,211,182,256,213,-43
MT,20,2020-05-10,17,682,566,3779,4037,4461,4620,159,3,45,14,212,186,257,203,-54
MT,21,2020-05-17,19,717,589,3992,4212,4709,4820,111,2,35,23,213,175,248,200,-48
MT,22,2020-05-24,28,762,615,4180,4436,4942,5079,137,9,45,26,188,224,233,259,26
MT,23,2020-05-31,41,799,639,4410,4685,5209,5365,156,13,37,24,230,249,267,286,19
MT,24,2020-06-07,58,829,662,4621,4951,5450,5671,221,17,30,23,211,266,241,306,65
MT,25,2020-06-14,109,866,690,4859,5247,5725,6046,321,51,37,28,238,296,275,375,100
MT,26,2020-06-21,144,899,704,5049,5371,5948,6219,271,35,33,14,190,124,223,173,-50
MT,27,2020-06-28,164,940,715,5274,5443,6214,6322,108,20,41,11,225,72,266,103,-163
MT,28,2020-07-05,166,977,718,5503,5457,6480,6341,-139,2,37,3,229,14,266,19,-247
MT,29,2020-07-12,166,1018,718,5724,5457,6742,6341,-401,0,41,0,221,0,262,0,-262
MT,30,2020-07-19,166,1047,718,5931,5457,6978,6341,-637,0,29,0,207,0,236,0,-236
MT,31,2020-07-26,166,1085,718,6133,5457,7218,6341,-877,0,38,0,202,0,240,0,-240
MT,32,2020-08-02,166,1116,718,6326,5457,7442,6341,-1101,0,31,0,193,0,224,0,-224
MT,33,2020-08-09,166,1149,718,6550,5457,7699,6341,-1358,0,33,0,224,0,257,0,-257
MT,34,2020-08-16,166,1175,718,6744,5457,7919,6341,-1578,0,26,0,194,0,220,0,-220
MT,35,2020-08-23,166,1213,718,6952,5457,8165,6341,-1824,0,38,0,208,0,246,0,-246
MT,36,2020-08-30,166,1254,718,7180,5457,8434,6341,-2093,0,41,0,228,0,269,0,-269
MT,37,2020-09-06,166,1294,718,7437,5457,8731,6341,-2390,0,40,0,257,0,297,0,-297
MT,38,2020-09-13,166,1333,718,7670,5457,9003,6341,-2662,0,39,0,233,0,272,0,-272
MT,39,2020-09-20,166,1369,718,7911,5457,9280,6341,-2939,0,36,0,241,0,277,0,-277
MT,40,2020-09-27,166,1406,718,8128,5457,9534,6341,-3193,0,37,0,217,0,254,0,-254
MT,41,2020-10-04,166,1440,718,8350,5457,9790,6341,-3449,0,34,0,222,0,256,0,-256
MT,42,2020-10-11,166,1475,718,8553,5457,10028,6341,-3687,0,35,0,203,0,238,0,-238
MT,43,2020-10-18,166,1515,718,8780,5457,10295,6341,-3954,0,40,0,227,0,267,0,-267
MT,44,2020-10-25,166,1548,718,8974,5457,10522,6341,-4181,0,33,0,194,0,227,0,-227
MT,45,2020-11-01,166,1590,718,9171,5457,10761,6341,-4420,0,42,0,197,0,239,0,-239
MT,46,2020-11-08,166,1625,718,9352,5457,10977,6341,-4636,0,35,0,181,0,216,0,-216
MT,47,2020-11-15,166,1655,718,9548,5457,11203,6341,-4862,0,30,0,196,0,226,0,-226
MT,48,2020-11-22,166,1686,718,9774,5457,11460,6341,-5119,0,31,0,226,0,257,0,-257
MT,49,2020-11-29,166,1714,718,10029,5457,11743,6341,-5402,0,28,0,255,0,283,0,-283
MT,50,2020-12-06,166,1741,718,10252,5457,11993,6341,-5652,0,27,0,223,0,250,0,-250
MT,51,2020-12-13,166,1776,718,10468,5457,12244,6341,-5903,0,35,0,216,0,251,0,-251
MT,52,2020-12-20,166,1815,718,10677,5457,12492,6341,-6151,0,39,0,209,0,248,0,-248
MT,53,2020-12-27,166,1842,718,10804,5457,12646,6341,-6305,0,27,0,127,0,154,0,-154
PA,1,2020-01-01,0,65,83,153,200,218,283,65,0,65,83,153,200,218,283,65
PA,2,2020-01-05,0,166,220,456,521,622,741,119,0,101,137,303,321,404,458,54
PA,3,2020-01-12,0,319,332,772,790,1091,1122,31,0,153,112,316,269,469,381,-88
PA,4,2020-01-19,0,456,470,1120,1085,1576,1555,-21,0,137,138,348,295,485,433,-52
PA,5,2020-01-26,0,577,603,1413,1394,1990,1997,7,0,121,133,293,309,414,442,28
PA,6,2020-02-02,0,704,767,1743,1735,2447,2502,55,0,127,164,330,341,457,505,48
PA,7,2020-02-09,0,848,909,2065,1998,2913,2907,-6,0,144,142,322,263,466,405,-61
PA,8,2020-02-16,0,967,1045,2370,2265,3337,3310,-27,0,119,136,305,267,424,403,-21
PA,9,2020-02-23,1,1077,1237,2642,2589,3719,3827,108,1,110,192,272,324,382,517,135
PA,10,2020-03-01,1,1196,1427,2947,2884,4143,4312,169,0,119,190,305,295,424,485,61
PA,11,2020-03-08,1,1344,1603,3263,3202,4607,4806,199,0,148,176,316,318,464,494,30
PA,12,2020-03-15,1,1539,1745,3611,3480,5150,5226,76,0,195,142,348,278,543,420,-123
PA,13,2020-03-22,2,1691,1890,3968,3786,5659,5678,19,1,152,145,357,306,509,452,-57
PA,14,2020-03-29,4,1818,2045,4292,4076,6110,6125,15,2,127,155,324,290,451,447,-4
PA,15,2020-04-05,26,1960,2194,4609,4375,6569,6595,26,22,142,149,317,299,459,470,11
PA,16,2020-04-12,90,2121,2403,4984,4700,7105,7193,88,64,161,209,375,325,536,598,62
PA,17,2020-04-19,309,2256,2739,5265,5165,7521,8213,692,219,135,336,281,465,416,1020,604
PA,18,2020-04-26,622,2395,3148,5561,5660,7956,9430,1474,313,139,409,296,495,435,1217,782
PA,19,2020-05-03,1048,2575,3536,5904,6102,8479,10686,2207,426,180,388,343,442,523,1256,733
PA,20,2020-05-10,1479,2755,3758,6256,6446,9011,11683,2672,431,180,222,352,344,532,997,465
PA,21,2020-05-17,1858,2895,3936,6513,6762,9408,12556,3148,379,140,178,257,316,397,873,476
PA,22,2020-05-24,2103,3018,4050,6825,7059,9843,13212,3369,245,123,114,312,297,435,656,221
PA,23,2020-05-31,2337,3120,4157,7119,7300,10239,13794,3555,234,102,107,294,241,396,582,186
PA,24,2020-06-07,2497,3257,4227,7354,7529,10611,14253,3642,160,137,70,235,229,372,459,87
PA,25,2020-06-14,2629,3389,4306,7634,7735,11023,14670,3647,132,132,79,280,206,412,417,5
PA,26,2020-06-21,2741,3506,4364,7897,7911,11403,15016,3613,112,117,58,263,176,380,346,-34
PA,27,2020-06-28,2801,3614,4388,8141,7976,11755,15165,3410,60,108,24,244,65,352,149,-203
PA,28,2020-07-05,2818,3740,4396,8462,8005,12202,15219,3017,17,126,8,321,29,447,54,-393
PA,29,2020-07-12,2818,3838,4396,8761,8005,12599,15219,2620,0,98,0,299,0,397,0,-397
PA,30,2020-07-19,2818,3955,4396,9033,8005,12988,15219,2231,0,117,0,272,0,389,0,-389
PA,31,2020-07-26,2818,4095,4396,9321,8005,13416,15219,1803,0,140,0,288,0,428,0,-428
PA,32,2020-08-02,2818,4220,4396,9611,8005,13831,15219,1388,0,125,0,290,0,415,0,-415
PA,33,2020-08-09,2818,4377,4396,9933,8005,14310,15219,909,0,157,0,322,0,479,0,-479
PA,34,2020-08-16,2818,4507,4396,10235,8005,14742,15219,477,0,130,0,302,0,432,0,-432
PA,35,2020-08-23,2818,4641,4396,10526,8005,15167,15219,52,0,134,0,291,0,425,0,-425
PA,36,2020-08-30,2818,4782,4396,10843,8005,15625,15219,-406,0,141,0,317,0,458,0,-458
PA,37,2020-09-06,2818,4934,4396,11150,8005,16084,15219,-865,0,152,0,307,0,459,0,-459
PA,38,2020-09-13,2818,5064,4396,11428,8005,16492,15219,-1273,0,130,0,278,0,408,0,-408
PA,39,2020-09-20,2818,5204,4396,11715,8005,16919,15219,-1700,0,140,0,287,0,427,0,-427
PA,40,2020-09-27,2818,5340,4396,12004,8005,17344,15219,-2125,0,136,0,289,0,425,0,-425
PA,41,2020-10-04,2818,5475,4396,12301,8005,17776,15219,-2557,0,135,0,297,0,432,0,-432
PA,42,2020-10-11,2818,5625,4396,12572,8005,18197,15219,-2978,0,150,0,271,0,421,0,-421
PA,43,2020-10-18,2818,5742,4396,12831,8005,18573,15219,-3354,0,117,0,259,0,376,0,-376
PA,44,2020-10-25,2818,5878,4396,13126,8005,19004,15219,-3785,0,136,0,295,0,431,0,-431
PA,45,2020-11-01,2818,6008,4396,13416,8005,19424,15219,-4205,0,130,0,290,0,420,0,-420
PA,46,2020-11-08,2818,6121,4396,13694,8005,19815,15219,-4596,0,113,0,278,0,391,0,-391
PA,47,2020-11-15,2818,6222,4396,13975,8005,20197,15219,-4978,0,101,0,281,0,382,0,-382
PA,48,2020-11-22,2818,6350,4396,14266,8005,20616,15219,-5397,0,128,0,291,0,419,0,-419
PA,49,2020-11-29,2818,6495,4396,14597,8005,21092,15219,-5873,0,145,0,331,0,476,0,-476
PA,50,2020-12-06,2818,6651,4396,14920,8005,21571,15219,-6352,0,156,0,323,0,479,0,-479
PA,51,2020-12-13,2818,6785,4396,15244,8005,22029,15219,-6810,0,134,0,324,0,458,0,-458
PA,52,2020-12-20,2818,6924,4396,15561,8005,22485,15219,-7266,0,139,0,317,0,456,0,-456
PA,53,2020-12-27,2818,7024,4396,15759,8005,22783,15219,-7564,0,100,0,198,0,298,0,-298
PB,1,2020-01-01,0,71,89,194,207,265,296,31,0,71,89,194,207,265,296,31
PB,2,2020-01-05,0,190,221,507,523,697,744,47,0,119,132,313,316,432,448,16
PB,3,2020-01-12,0,338,342,845,819,1183,1161,-22,0,148,121,338,296,486,417,-69
PB,4,2020-01-19,0,460,468,1161,1148,1621,1616,-5,0,122,126,316,329,438,455,17
PB,5,2020-01-26,0,581,599,1476,1502,2057,2101,44,0,121,131,315,354,436,485,49
PB,6,2020-02-02,0,717,731,1824,1829,2541,2560,19,0,136,132,348,327,484,459,-25
PB,7,2020-02-09,0,840,847,2172,2134,3012,2981,-31,0,123,116,348,305,471,421,-50
PB,8,2020-02-16,0,950,974,2524,2427,3474,3401,-73,0,110,127,352,293,462,420,-42
PB,9,2020-02-23,0,1057,1091,2818,2745,3875,3836,-39,0,107,117,294,318,401,435,34
PB,10,2020-03-01,0,1212,1219,3153,3072,4365,4291,-74,0,155,128,335,327,490,455,-35
PB,11,2020-03-08,0,1359,1335,3490,3377,4849,4712,-137,0,147,116,337,305,484,421,-63
PB,12,2020-03-15,0,1493,1467,3826,3717,5319,5184,-135,0,134,132,336,340,470,472,2
PB,13,2020-03-22,0,1631,1613,4185,4038,5816,5651,-165,0,138,146,359,321,497,467,-30
PB,14,2020-03-29,6,1763,1721,4530,4350,6293,6077,-216,6,132,108,345,312,477,426,-51
PB,15,2020-04-05,10,1925,1853,4898,4677,6823,6540,-283,4,162,132,368,327,530,463,-67
PB,16,2020-04-12,27,2077,1978,5268,4992,7345,6997,-348,17,152,125,370,315,522,457,-65
PB,17,2020-04-19,48,2210,2073,5584,5299,7794,7420,-374,21,133,95,316,307,449,423,-26
PB,18,2020-04-26,80,2379,2208,5957,5623,8336,7911,-425,32,169,135,373,324,542,491,-51
PB,19,2020-05-03,144,2525,2344,6312,5990,8837,8478,-359,64,146,136,355,367,501,567,66
PB,20,2020-05-10,237,2693,2491,6676,6366,9369,9094,-275,93,168,147,364,376,532,616,84
PB,21,2020-05-17,377,2849,2641,7063,6775,9912,9793,-119,140,156,150,387,409,543,699,156
PB,22,2020-05-24,533,3020,2777,7415,7151,10435,10461,26,156,171,136,352,376,523,668,145
PB,23,2020-05-31,701,3173,2890,7738,7524,10911,11115,204,168,153,113,323,373,476,654,178
PB,24,2020-06-07,853,3337,3014,8070,7873,11407,11740,333,152,164,124,332,349,496,625,129
PB,25,2020-06-14,981,3474,3115,8415,8184,11889,12280,391,128,137,101,345,311,482,540,58
PB,26,2020-06-21,1114,3593,3211,8780,8508,12373,12833,460,133,119,96,365,324,484,553,69
PB,27,2020-06-28,1214,3765,3282,9157,8792,12922,13288,366,100,172,71,377,284,549,455,-94
PB,28,2020-07-05,1260,3928,3316,9528,8930,13456,13506,50,46,163,34,371,138,534,218,-316
PB,29,2020-07-12,1260,4071,3316,9901,8930,13972,13506,-466,0,143,0,373,0,516,0,-516
PB,30,2020-07-19,1260,4226,3316,10271,8930,14497,13506,-991,0,155,0,370,0,525,0,-525
PB,31,2020-07-26,1260,4366,3316,10646,8930,15012,13506,-1506,0,140,0,375,0,515,0,-515
PB,32,2020-08-02,1260,4498,3316,11010,8930,15508,13506,-2002,0,132,0,364,0,496,0,-496
PB,33,2020-08-09,1260,4635,3316,11349,8930,15984,13506,-2478,0,137,0,339,0,476,0,-476
PB,34,2020-08-16,1260,4788,3316,11672,8930,16460,13506,-2954,0,153,0,323,0,476,0,-476
PB,35,2020-08-23,1260,4937,3316,12043,8930,16980,13506,-3474,0,149,0,371,0,520,0,-520
PB,36,2020-08-30,1260,5074,3316,12402,8930,17476,13506,-3970,0,137,0,359,0,496,0,-496
PB,37,2020-09-06,1260,5219,3316,12722,8930,17941,13506,-4435,0,145,0,320,0,465,0,-465
PB,38,2020-09-13,1260,5337,3316,13027,8930,18364,13506,-4858,0,118,0,305,0,423,0,-423
PB,39,2020-09-20,1260,5487,3316,13385,8930,18872,13506,-5366,0,150,0,358,0,508,0,-508
PB,40,2020-09-27,1260,5626,3316,13666,8930,19292,13506,-5786,0,139,0,281,0,420,0,-420
PB,41,2020-10-04,1260,5769,3316,13999,8930,19768,13506,-6262,0,143,0,333,0,476,0,-476
PB,42,2020-10-11,1260,5902,3316,14297,8930,20199,13506,-6693,0,133,0,298,0,431,0,-431
PB,43,2020-10-18,1260,6022,3316,14631,8930,20653,13506,-7147,0,120,0,334,0,454,0,-454
PB,44,2020-10-25,1260,6161,3316,14951,8930,21112,13506,-7606,0,139,0,320,0,459,0,-459
PB,45,2020-11-01,1260,6311,3316,15300,8930,21611,13506,-8105,0,150,0,349,0,499,0,-499
PB,46,2020-11-08,1260,6434,3316,15637,8930,22071,13506,-8565,0,123,0,337,0,460,0,-460
PB,47,2020-11-15,1260,6560,3316,15949,8930,22509,13506,-9003,0,126,0,312,0,438,0,-438
PB,48,2020-11-22,1260,6700,3316,16275,8930,22975,13506,-9469,0,140,0,326,0,466,0,-466
PB,49,2020-11-29,1260,6835,3316,16632,8930,23467,13506,-9961,0,135,0,357,0,492,0,-492
PB,50,2020-12-06,1260,6951,3316,16960,8930,23911,13506,-10405,0,116,0,328,0,444,0,-444
PB,51,2020-12-13,1260,7078,3316,17264,8930,24342,13506,-10836,0,127,0,304,0,431,0,-431
PB,52,2020-12-20,1260,7194,3316,17574,8930,24768,13506,-11262,0,116,0,310,0,426,0,-426
PB,53,2020-12-27,1260,7277,3316,17793,8930,25070,13506,-11564,0,83,0,219,0,302,0,-302
PE,1,2020-01-01,0,139,131,514,485,653,616,-37,0,139,131,514,485,653,616,-37
PE,2,2020-01-05,0,363,377,1286,1348,1649,1725,76,0,224,246,772,863,996,1109,113
PE,3,2020-01-12,0,600,640,2141,2155,2741,2795,54,0,237,263,855,807,1092,1070,-22
PE,4,2020-01-19,0,818,888,2981,3054,3799,3942,143,0,218,248,840,899,1058,1147,89
PE,5,2020-01-26,0,1068,1134,3740,3882,4808,5016,208,0,250,246,759,828,1009,1074,65
PE,6,2020-02-02,0,1279,1379,4526,4726,5805,6105,300,0,211,245,786,844,997,1089,92
PE,7,2020-02-09,0,1507,1627,5350,5543,6857,7170,313,0,228,248,824,817,1052,1065,13
PE,8,2020-02-16,1,1755,1877,6167,6392,7922,8270,348,1,248,250,817,849,1065,1100,35
PE,9,2020-02-23,1,1974,2151,6918,7255,8892,9407,515,0,219,274,751,863,970,1137,167
PE,10,2020-03-01,1,2203,2434,7762,8134,9965,10569,604,0,229,283,844,879,1073,1162,89
PE,11,2020-03-08,1,2434,2717,8596,9051,11030,11769,739,0,231,283,834,917,1065,1200,135
PE,12,2020-03-15,5,2703,2973,9453,9946,12156,12924,768,4,269,256,857,895,1126,1155,29
PE,13,2020-03-22,11,2992,3227,10334,10886,13326,14124,798,6,289,254,881,940,1170,1200,30
PE,14,2020-03-29,21,3234,3504,11242,11761,14476,15286,810,10,242,277,908,875,1150,1162,12
PE,15,2020-04-05,52,3481,3830,12138,12691,15619,16573,954,31,247,326,896,930,1143,1287,144
PE,16,2020-04-12,128,3734,4211,12989,13664,16723,18003,1280,76,253,381,851,973,1104,1430,326
PE,17,2020-04-19,266,4023,4673,13862,14506,17885,19445,1560,138,289,462,873,842,1162,1442,280
PE,18,2020-04-26,480,4289,5248,14751,15425,19040,21153,2113,214,266,575,889,919,1155,1708,553
PE,19,2020-05-03,814,4554,5969,15622,16469,20176,23252,3076,334,265,721,871,1044,1136,2099,963
PE,20,2020-05-10,1291,4829,6591,16474,17455,21303,25337,4034,477,275,622,852,986,1127,2085,958
PE,21,2020-05-17,1766,5114,7083,17400,18404,22514,27253,4739,475,285,492,926,949,1211,1916,705
PE,22,2020-05-24,2244,5368,7502,18245,19278,23613,29024,5411,478,254,419,845,874,1099,1771,672
PE,23,2020-05-31,2597,5595,7851,19175,20091,24770,30539,5769,353,227,349,930,813,1157,1515,358
PE,24,2020-06-07,2923,5885,8183,20082,20880,25967,31986,6019,326,290,332,907,789,1197,1447,250
PE,25,2020-06-14,3189,6150,8452,20972,21720,27122,33361,6239,266,265,269,890,840,1155,1375,220
PE,26,2020-06-21,3440,6420,8690,21860,22508,28280,34638,6358,251,270,238,888,788,1158,1277,119
PE,27,2020-06-28,3651,6716,8895,22789,23222,29505,35768,6263,211,296,205,929,714,1225,1130,-95
PE,28,2020-07-05,3736,7004,8996,23727,23604,30731,36336,5605,85,288,101,938,382,1226,568,-658
PE,29,2020-07-12,3736,7272,8996,24610,23604,31882,36336,4454,0,268,0,883,0,1151,0,-1151
PE,30,2020-07-19,3736,7531,8996,25497,23604,33028,36336,3308,0,259,0,887,0,1146,0,-1146
PE,31,2020-07-26,3736,7786,8996,26405,23604,34191,36336,2145,0,255,0,908,0,1163,0,-1163
PE,32,2020-08-02,3736,8043,8996,27311,23604,35354,36336,982,0,257,0,906,0,1163,0,-1163
PE,33,2020-08-09,3736,8306,8996,28196,23604,36502,36336,-166,0,263,0,885,0,1148,0,-1148
PE,34,2020-08-16,3736,8581,8996,29067,23604,37648,36336,-1312,0,275,0,871,0,1146,0,-1146
PE,35,2020-08-23,3736,8852,8996,29929,23604,38781,36336,-2445,0,271,0,862,0,1133,0,-1133
PE,36,2020-08-30,3736,9080,8996,30823,23604,39903,36336,-3567,0,228,0,894,0,1122,0,-1122
PE,37,2020-09-06,3736,9326,8996,31719,23604,41045,36336,-4709,0,246,0,896,0,1142,0,-1142
PE,38,2020-09-13,3736,9600,8996,32590,23604,42190,36336,-5854,0,274,0,871,0,1145,0,-1145
PE,39,2020-09-20,3736,9858,8996,33439,23604,43297,36336,-6961,0,258,0,849,0,1107,0,-1107
PE,40,2020-09-27,3736,10086,8996,34305,23604,44391,36336,-8055,0,228,0,866,0,1094,0,-1094
PE,41,2020-10-04,3736,10369,8996,35121,23604,45490,36336,-9154,0,283,0,816,0,1099,0,-1099
PE,42,2020-10-11,3736,10618,8996,35938,23604,46556,36336,-10220,0,249,0,817,0,1066,0,-1066
PE,43,2020-10-18,3736,10884,8996,36795,23604,47679,36336,-11343,0,266,0,857,0,1123,0,-1123
PE,44,2020-10-25,3736,11136,8996,37593,23604,48729,36336,-12393,0,252,0,798,0,1050,0,-1050
PE,45,2020-11-01,3736,11393,8996,38423,23604,49816,36336,-13480,0,257,0,830,0,1087,0,-1087
PE,46,2020-11-08,3736,11636,8996,39299,23604,50935,36336,-14599,0,243,0,876,0,1119,0,-1119
PE,47,2020-11-15,3736,11867,8996,40171,23604,52038,36336,-15702,0,231,0,872,0,1103,0,-1103
PE,48,2020-11-22,3736,12128,8996,41051,23604,53179,36336,-16843,0,261,0,880,0,1141,0,-1141
PE,49,2020-11-29,3736,12371,8996,41879,23604,54250,36336,-17914,0,243,0,828,0,1071,0,-1071
PE,50,2020-12-06,3736,12645,8996,42767,23604,55412,36336,-19076,0,274,0,888,0,1162,0,-1162
PE,51,2020-12-13,3736,12899,8996,43633,23604,56532,36336,-20196,0,254,0,866,0,1120,0,-1120
PE,52,2020-12-20,3736,13152,8996,44529,23604,57681,36336,-21345,0,253,0,896,0,1149,0,-1149
PE,53,2020-12-27,3736,13340,8996,45139,23604,58479,36336,-22143,0,188,0,610,0,798,0,-798
PI,1,2020-01-01,0,42,38,94,88,136,126,-10,0,42,38,94,88,136,126,-10
PI,2,2020-01-05,0,120,98,255,237,375,335,-40,0,78,60,161,149,239,209,-30
PI,3,2020-01-12,0,215,156,439,354,654,510,-144,0,95,58,184,117,279,175,-104
PI,4,2020-01-19,0,284,225,585,496,869,721,-148,0,69,69,146,142,215,211,-4
PI,5,2020-01-26,0,361,300,741,635,1102,935,-167,0,77,75,156,139,233,214,-19
PI,6,2020-02-02,0,434,357,896,802,1330,1159,-171,0,73,57,155,167,228,224,-4
PI,7,2020-02-09,0,516,431,1053,967,1569,1398,-171,0,82,74,157,165,239,239,0
PI,8,2020-02-16,0,594,495,1240,1104,1834,1599,-235,0,78,64,187,137,265,201,-64
PI,9,2020-02-23,0,671,559,1368,1256,2039,1815,-224,0,77,64,128,152,205,216,11
PI,10,2020-03-01,0,749,635,1525,1385,2274,2020,-254,0,78,76,157,129,235,205,-30
PI,11,2020-03-08,0,850,705,1696,1527,2546,2232,-314,0,101,70,171,142,272,212,-60
PI,12,2020-03-15,0,934,789,1866,1676,2800,2465,-335,0,84,84,170,149,254,233,-21
PI,13,2020-03-22,2,1015,876,2040,1845,3055,2723,-332,2,81,87,174,169,255,258,3
PI,14,2020-03-29,4,1097,976,2214,2013,3311,2993,-318,2,82,100,174,168,256,270,14
PI,15,2020-04-05,7,1185,1042,2394,2191,3579,3240,-339,3,88,66,180,178,268,247,-21
PI,16,2020-04-12,10,1291,1105,2570,2344,3861,3459,-402,3,106,63,176,153,282,219,-63
PI,17,2020-04-19,16,1397,1160,2744,2503,4141,3679,-462,6,106,55,174,159,280,220,-60
PI,18,2020-04-26,24,1498,1218,2925,2653,4423,3895,-528,8,101,58,181,150,282,216,-66
PI,19,2020-05-03,36,1609,1271,3108,2806,4717,4113,-604,12,111,53,183,153,294,218,-76
PI,20,2020-05-10,48,1712,1332,3267,2937,4979,4317,-662,12,103,61,159,131,262,204,-58
PI,21,2020-05-17,72,1796,1369,3433,3067,5229,4508,-721,24,84,37,166,130,250,191,-59
PI,22,2020-05-24,107,1907,1431,3587,3191,5494,4729,-765,35,111,62,154,124,265,221,-44
PI,23,2020-05-31,160,2010,1492,3739,3352,5749,5004,-745,53,103,61,152,161,255,275,20
PI,24,2020-06-07,195,2112,1538,3887,3462,5999,5195,-804,35,102,46,148,110,250,191,-59
PI,25,2020-06-14,247,2199,1589,4051,3549,6250,5385,-865,52,87,51,164,87,251,190,-61
PI,26,2020-06-21,291,2297,1611,4211,3618,6508,5520,-988,44,98,22,160,69,258,135,-123
PI,27,2020-06-28,307,2389,1620,4394,3651,6783,5578,-1205,16,92,9,183,33,275,58,-217
PI,28,2020-07-05,311,2478,1622,4561,3657,7039,5590,-1449,4,89,2,167,6,256,12,-244
PI,29,2020-07-12,311,2551,1622,4730,3657,7281,5590,-1691,0,73,0,169,0,242,0,-242
PI,30,2020-07-19,311,2630,1622,4878,3657,7508,5590,-1918,0,79,0,148,0,227,0,-227
PI,31,2020-07-26,311,2709,1622,5027,3657,7736,5590,-2146,0,79,0,149,0,228,0,-228
PI,32,2020-08-02,311,2777,1622,5169,3657,7946,5590,-2356,0,68,0,142,0,210,0,-210
PI,33,2020-08-09,311,2856,1622,5335,3657,8191,5590,-2601,0,79,0,166,0,245,0,-245
PI,34,2020-08-16,311,2926,1622,5493,3657,8419,5590,-2829,0,70,0,158,0,228,0,-228
PI,35,2020-08-23,311,2993,1622,5658,3657,8651,5590,-3061,0,67,0,165,0,232,0,-232
PI,36,2020-08-30,311,3060,1622,5798,3657,8858,5590,-3268,0,67,0,140,0,207,0,-207
PI,37,2020-09-06,311,3142,1622,5967,3657,9109,5590,-3519,0,82,0,169,0,251,0,-251
PI,38,2020-09-13,311,3218,1622,6132,3657,9350,5590,-3760,0,76,0,165,0,241,0,-241
PI,39,2020-09-20,311,3312,1622,6281,3657,9593,5590,-4003,0,94,0,149,0,243,0,-243
PI,40,2020-09-27,311,3399,1622,6435,3657,9834,5590,-4244,0,87,0,154,0,241,0,-241
PI,41,2020-10-04,311,3484,1622,6582,3657,10066,5590,-4476,0,85,0,147,0,232,0,-232
PI,42,2020-10-11,311,3571,1622,6736,3657,10307,5590,-4717,0,87,0,154,0,241,0,-241
PI,43,2020-10-18,311,3657,1622,6877,3657,10534,5590,-4944,0,86,0,141,0,227,0,-227
PI,44,2020-10-25,311,3728,1622,7052,3657,10780,5590,-5190,0,71,0,175,0,246,0,-246
PI,45,2020-11-01,311,3799,1622,7199,3657,10998,5590,-5408,0,71,0,147,0,218,0,-218
PI,46,2020-11-08,311,3872,1622,7340,3657,11212,5590,-5622,0,73,0,141,0,214,0,-214
PI,47,2020-11-15,311,3949,1622,7499,3657,11448,5590,-5858,0,77,0,159,0,236,0,-236
PI,48,2020-11-22,311,4035,1622,7649,3657,11684,5590,-6094,0,86,0,150,0,236,0,-236
PI,49,2020-11-29,311,4105,1622,7799,3657,11904,5590,-6314,0,70,0,150,0,220,0,-220
PI,50,2020-12-06,311,4160,1622,7955,3657,12115,5590,-6525,0,55,0,156,0,211,0,-211
PI,51,2020-12-13,311,4232,1622,8076,3657,12308,5590,-6718,0,72,0,121,0,193,0,-193
PI,52,2020-12-20,311,4295,1622,8211,3657,12506,5590,-6916,0,63,0,135,0,198,0,-198
PI,53,2020-12-27,311,4347,1622,8304,3657,12651,5590,-7061,0,52,0,93,0,145,0,-145
PR,1,2020-01-01,0,166,176,508,466,674,642,-32,0,166,176,508,466,674,642,-32
PR,2,2020-01-05,0,446,509,1322,1370,1768,1879,111,0,280,333,814,904,1094,1237,143
PR,3,2020-01-12,0,719,830,2200,2174,2919,3004,85,0,273,321,878,804,1151,1125,-26
PR,4,2020-01-19,0,1016,1116,3078,2965,4094,4081,-13,0,297,286,878,791,1175,1077,-98
PR,5,2020-01-26,0,1317,1450,3914,3836,5231,5286,55,0,301,334,836,871,1137,1205,68
PR,6,2020-02-02,0,1636,1739,4751,4696,6387,6435,48,0,319,289,837,860,1156,1149,-7
PR,7,2020-02-09,0,1940,2015,5575,5584,7515,7599,84,0,304,276,824,888,1128,1164,36
PR,8,2020-02-16,0,2206,2326,6341,6476,8547,8802,255,0,266,311,766,892,1032,1203,171
PR,9,2020-02-23,0,2447,2631,7016,7318,9463,9949,486,0,241,305,675,842,916,1147,231
PR,10,2020-03-01,0,2723,2931,7908,8254,10631,11185,554,0,276,300,892,936,1168,1236,68
PR,11,2020-03-08,0,3037,3257,8744,9154,11781,12411,630,0,314,326,836,900,1150,1226,76
PR,12,2020-03-15,1,3336,3631,9558,10075,12894,13707,813,1,299,374,814,921,1113,1296,183
PR,13,2020-03-22,2,3617,3989,10372,10927,13989,14918,929,1,281,358,814,852,1095,1211,116
PR,14,2020-03-29,15,3930,4299,11234,11798,15164,16112,948,13,313,310,862,871,1175,1194,19
PR,15,2020-04-05,43,4258,4627,12102,12674,16360,17344,984,28,328,328,868,876,1196,1232,36
PR,16,2020-04-12,82,4587,4902,12944,13582,17531,18566,1035,39,329,275,842,908,1171,1222,51
PR,17,2020-04-19,142,4862,5184,13788,14394,18650,19720,1070,60,275,282,844,812,1119,1154,35
PR,18,2020-04-26,217,5206,5466,14661,15190,19867,20873,1006,75,344,282,873,796,1217,1153,-64
PR,19,2020-05-03,283,5553,5722,15506,16049,21059,22054,995,66,347,256,845,859,1192,1181,-11
PR,20,2020-05-10,370,5898,5981,16450,16902,22348,23253,905,87,345,259,944,853,1289,1199,-90
PR,21,2020-05-17,473,6256,6224,17428,17752,23684,24449,765,103,358,243,978,850,1336,1196,-140
PR,22,2020-05-24,578,6623,6483,18433,18617,25056,25678,622,105,367,259,1005,865,1372,1229,-143
PR,23,2020-05-31,720,6976,6725,19362,19568,26338,27013,675,142,353,242,929,951,1282,1335,53
PR,24,2020-06-07,874,7384,7008,20373,20521,27757,28403,646,154,408,283,1011,953,1419,1390,-29
PR,25,2020-06-14,1043,7790,7274,21302,21372,29092,29689,597,169,406,266,929,851,1335,1286,-49
PR,26,2020-06-21,1232,8193,7489,22301,22217,30494,30938,444,189,403,215,999,845,1402,1249,-153
PR,27,2020-06-28,1456,8618,7693,23262,22966,31880,32115,235,224,425,204,961,749,1386,1177,-209
PR,28,2020-07-05,1575,9031,7803,24296,23388,33327,32766,-561,119,413,110,1034,422,1447,651,-796
PR,29,2020-07-12,1575,9458,7803,25298,23389,34756,32767,-1989,0,427,0,1002,1,1429,1,-1428
PR,30,2020-07-19,1575,9916,7803,26289,23389,36205,32767,-3438,0,458,0,991,0,1449,0,-1449
PR,31,2020-07-26,1575,10312,7803,27241,23389,37553,32767,-4786,0,396,0,952,0,1348,0,-1348
PR,32,2020-08-02,1575,10737,7803,28099,23389,38836,32767,-6069,0,425,0,858,0,1283,0,-1283
PR,33,2020-08-09,1575,11108,7803,29037,23389,40145,32767,-7378,0,371,0,938,0,1309,0,-1309
PR,34,2020-08-16,1575,11476,7803,29977,23389,41453,32767,-8686,0,368,0,940,0,1308,0,-1308
PR,35,2020-08-23,1575,11852,7803,30851,23389,42703,32767,-9936,0,376,0,874,0,1250,0,-1250
PR,36,2020-08-30,1575,12256,7803,31802,23389,44058,32767,-11291,0,404,0,951,0,1355,0,-1355
PR,37,2020-09-06,1575,12663,7803,32810,23389,45473,32767,-12706,0,407,0,1008,0,1415,0,-1415
PR,38,2020-09-13,1575,13076,7803,33676,23389,46752,32767,-13985,0,413,0,866,0,1279,0,-1279
PR,39,2020-09-20,1575,13413,7803,34491,23389,47904,32767,-15137,0,337,0,815,0,1152,0,-1152
PR,40,2020-09-27,1575,13729,7803,35392,23389,49121,32767,-16354,0,316,0,901,0,1217,0,-1217
PR,41,2020-10-04,1575,14051,7803,36207,23389,50258,32767,-17491,0,322,0,815,0,1137,0,-1137
PR,42,2020-10-11,1575,14417,7803,37121,23389,51538,32767,-18771,0,366,0,914,0,1280,0,-1280
PR,43,2020-10-18,1575,14752,7803,37902,23389,52654,32767,-19887,0,335,0,781,0,1116,0,-1116
PR,44,2020-10-25,1575,15108,7803,38779,23389,53887,32767,-21120,0,356,0,877,0,1233,0,-1233
PR,45,2020-11-01,1575,15466,7803,39706,23389,55172,32767,-22405,0,358,0,927,0,1285,0,-1285
PR,46,2020-11-08,1575,15761,7803,40560,23389,56321,32767,-23554,0,295,0,854,0,1149,0,-1149
PR,47,2020-11-15,1575,16035,7803,41429,23389,57464,32767,-24697,0,274,0,869,0,1143,0,-1143
PR,48,2020-11-22,1575,16338,7803,42274,23389,58612,32767,-25845,0,303,0,845,0,1148,0,-1148
PR,49,2020-11-29,1575,16635,7803,43150,23389,59785,32767,-27018,0,297,0,876,0,1173,0,-1173
PR,50,2020-12-06,1575,16920,7803,44014,23389,60934,32767,-28167,0,285,0,864,0,1149,0,-1149
PR,51,2020-12-13,1575,17230,7803,44837,23389,62067,32767,-29300,0,310,0,823,0,1133,0,-1133
PR,52,2020-12-20,1575,17537,7803,45751,23389,63288,32767,-30521,0,307,0,914,0,1221,0,-1221
PR,53,2020-12-27,1575,17772,7803,46370,23389,64142,32767,-31375,0,235,0,619,0,854,0,-854
RJ,1,2020-01-01,0,351,429,1184,1097,1535,1526,-9,0,351,429,1184,1097,1535,1526,-9
RJ,2,2020-01-05,0,1002,1110,3090,2978,4092,4088,-4,0,651,681,1906,1881,2557,2562,5
RJ,3,2020-01-12,0,1666,1794,5063,4935,6729,6729,0,0,664,684,1973,1957,2637,2641,4
RJ,4,2020-01-19,0,2299,2458,7113,6704,9412,9162,-250,0,633,664,2050,1769,2683,2433,-250
RJ,5,2020-01-26,0,2930,3165,9157,8551,12087,11716,-371,0,631,707,2044,1847,2675,2554,-121
RJ,6,2020-02-02,0,3546,3860,11161,10396,14707,14256,-451,0,616,695,2004,1845,2620,2540,-80
RJ,7,2020-02-09,0,4178,4490,13018,12274,17196,16764,-432,0,632,630,1857,1878,2489,2508,19
RJ,8,2020-02-16,0,4763,5140,14839,14231,19602,19371,-231,0,585,650,1821,1957,2406,2607,201
RJ,9,2020-02-23,0,5244,5794,16533,16048,21777,21842,65,0,481,654,1694,1817,2175,2471,296
RJ,10,2020-03-01,0,5856,6472,18508,18031,24364,24503,139,0,612,678,1975,1983,2587,2661,74
RJ,11,2020-03-08,0,6456,7168,20316,19967,26772,27135,363,0,600,696,1808,1936,2408,2632,224
RJ,12,2020-03-15,3,7073,7981,22165,21958,29238,29942,704,3,617,813,1849,1991,2466,2807,341
RJ,13,2020-03-22,32,7687,8694,23844,23797,31531,32523,992,29,614,713,1679,1839,2293,2581,288
RJ,14,2020-03-29,189,8349,9418,25567,25702,33916,35309,1393,157,662,724,1723,1905,2385,2786,401
RJ,15,2020-04-05,479,9008,10188,27511,27571,36519,38238,1719,290,659,770,1944,1869,2603,2929,326
RJ,16,2020-04-12,1003,9719,11148,29581,29520,39300,41671,2371,524,711,960,2070,1949,2781,3433,652
RJ,17,2020-04-19,1976,10445,12332,31611,31668,42056,45976,3920,973,726,1184,2030,2148,2756,4305,1549
RJ,18,2020-04-26,3448,11163,13546,33557,33956,44720,50950,6230,1472,718,1214,1946,2288,2664,4974,2310
RJ,19,2020-05-03,5255,11897,14662,35679,36236,47576,56153,8577,1807,734,1116,2122,2280,2856,5203,2347
RJ,20,2020-05-10,6927,12672,15656,37729,38405,50401,60988,10587,1672,775,994,2050,2169,2825,4835,2010
RJ,21,2020-05-17,8338,13488,16437,39848,40367,53336,65142,11806,1411,816,781,2119,1962,2935,4154,1219
RJ,22,2020-05-24,9601,14287,17172,41953,42242,56240,69015,12775,1263,799,735,2105,1875,2904,3873,969
RJ,23,2020-05-31,10601,15087,17863,44040,43995,59127,72459,13332,1000,800,691,2087,1753,2887,3444,557
RJ,24,2020-06-07,11414,15880,18506,46209,45621,62089,75541,13452,813,793,643,2169,1626,2962,3082,120
RJ,25,2020-06-14,12076,16706,19124,48312,47327,65018,78527,13509,662,826,618,2103,1706,2929,2986,57
RJ,26,2020-06-21,12589,17475,19618,50279,48924,67754,81131,13377,513,769,494,1967,1597,2736,2604,-132
RJ,27,2020-06-28,13057,18195,20132,52257,50460,70452,83649,13197,468,720,514,1978,1536,2698,2518,-180
RJ,28,2020-07-05,13351,18895,20450,54221,51429,73116,85230,12114,294,700,318,1964,969,2664,1581,-1083
RJ,29,2020-07-12,13351,19616,20452,56324,51431,75940,85234,9294,0,721,2,2103,2,2824,4,-2820
RJ,30,2020-07-19,13351,20350,20452,58516,51431,78866,85234,6368,0,734,0,2192,0,2926,0,-2926
RJ,31,2020-07-26,13351,21106,20452,60488,51431,81594,85234,3640,0,756,0,1972,0,2728,0,-2728
RJ,32,2020-08-02,13351,21798,20452,62525,51431,84323,85234,911,0,692,0,2037,0,2729,0,-2729
RJ,33,2020-08-09,13351,22513,20452,64480,51431,86993,85234,-1759,0,715,0,1955,0,2670,0,-2670
RJ,34,2020-08-16,13351,23212,20452,66444,51431,89656,85234,-4422,0,699,0,1964,0,2663,0,-2663
RJ,35,2020-08-23,13351,23930,20452,68426,51431,92356,85234,-7122,0,718,0,1982,0,2700,0,-2700
RJ,36,2020-08-30,13351,24606,20452,70453,51431,95059,85234,-9825,0,676,0,2027,0,2703,0,-2703
RJ,37,2020-09-06,13351,25324,20452,72473,51431,97797,85234,-12563,0,718,0,2020,0,2738,0,-2738
RJ,38,2020-09-13,13351,26048,20452,74465,51431,100513,85234,-15279,0,724,0,1992,0,2716,0,-2716
RJ,39,2020-09-20,13351,26691,20452,76273,51431,102964,85234,-17730,0,643,0,1808,0,2451,0,-2451
RJ,40,2020-09-27,13351,27331,20452,78156,51431,105487,85234,-20253,0,640,0,1883,0,2523,0,-2523
RJ,41,2020-10-04,13351,28015,20452,79977,51431,107992,85234,-22758,0,684,0,1821,0,2505,0,-2505
RJ,42,2020-10-11,13351,28705,20452,81883,51431,110588,85234,-25354,0,690,0,1906,0,2596,0,-2596
RJ,43,2020-10-18,13351,29357,20452,83709,51431,113066,85234,-27832,0,652,0,1826,0,2478,0,-2478
RJ,44,2020-10-25,13351,30035,20452,85625,51431,115660,85234,-30426,0,678,0,1916,0,2594,0,-2594
RJ,45,2020-11-01,13351,30680,20452,87387,51431,118067,85234,-32833,0,645,0,1762,0,2407,0,-2407
RJ,46,2020-11-08,13351,31365,20452,89148,51431,120513,85234,-35279,0,685,0,1761,0,2446,0,-2446
RJ,47,2020-11-15,13351,32001,20452,90939,51431,122940,85234,-37706,0,636,0,1791,0,2427,0,-2427
RJ,48,2020-11-22,13351,32710,20452,92901,51431,125611,85234,-40377,0,709,0,1962,0,2671,0,-2671
RJ,49,2020-11-29,13351,33344,20452,94760,51431,128104,85234,-42870,0,634,0,1859,0,2493,0,-2493
RJ,50,2020-12-06,13351,34017,20452,96694,51431,130711,85234,-45477,0,673,0,1934,0,2607,0,-2607
RJ,51,2020-12-13,13351,34716,20452,98648,51431,133364,85234,-48130,0,699,0,1954,0,2653,0,-2653
RJ,52,2020-12-20,13351,35392,20452,100621,51431,136013,85234,-50779,0,676,0,1973,0,2649,0,-2649
RJ,53,2020-12-27,13351,35878,20452,101958,51431,137836,85234,-52602,0,486,0,1337,0,1823,0,-1823
RN,1,2020-01-01,0,54,36,114,113,168,149,-19,0,54,36,114,113,168,149,-19
RN,2,2020-01-05,0,125,108,285,312,410,420,10,0,71,72,171,199,242,271,29
RN,3,2020-01-12,0,231,170,492,529,723,699,-24,0,106,62,207,217,313,279,-34
RN,4,2020-01-19,0,321,265,708,760,1029,1025,-4,0,90,95,216,231,306,326,20
RN,5,2020-01-26,0,400,331,890,988,1290,1319,29,0,79,66,182,228,261,294,33
RN,6,2020-02-02,0,475,412,1065,1228,1540,1640,100,0,75,81,175,240,250,321,71
RN,7,2020-02-09,0,545,497,1236,1423,1781,1920,139,0,70,85,171,195,241,280,39
RN,8,2020-02-16,0,617,575,1419,1627,2036,2202,166,0,72,78,183,204,255,282,27
RN,9,2020-02-23,0,699,670,1565,1826,2264,2496,232,0,82,95,146,199,228,294,66
RN,10,2020-03-01,0,787,767,1770,2028,2557,2795,238,0,88,97,205,202,293,299,6
RN,11,2020-03-08,0,866,870,1981,2231,2847,3101,254,0,79,103,211,203,290,306,16
RN,12,2020-03-15,0,950,961,2193,2406,3143,3367,224,0,84,91,212,175,296,266,-30
RN,13,2020-03-22,6,1045,1058,2391,2619,3436,3683,247,6,95,97,198,213,293,316,23
RN,14,2020-03-29,8,1144,1154,2586,2818,3730,3980,250,2,99,96,195,199,294,297,3
RN,15,2020-04-05,18,1242,1230,2794,3002,4036,4250,214,10,98,76,208,184,306,270,-36
RN,16,2020-04-12,21,1351,1313,3033,3209,4384,4543,159,3,109,83,239,207,348,293,-55
RN,17,2020-04-19,29,1457,1397,3265,3403,4722,4829,107,8,106,84,232,194,338,286,-52
RN,18,2020-04-26,47,1576,1467,3471,3597,5047,5111,64,18,119,70,206,194,325,282,-43
RN,19,2020-05-03,64,1676,1536,3701,3795,5377,5395,18,17,100,69,230,198,330,284,-46
RN,20,2020-05-10,105,1781,1623,3915,3997,5696,5725,29,41,105,87,214,202,319,330,11
RN,21,2020-05-17,162,1880,1712,4139,4205,6019,6079,60,57,99,89,224,208,323,354,31
RN,22,2020-05-24,253,1982,1792,4324,4449,6306,6494,188,91,102,80,185,244,287,415,128
RN,23,2020-05-31,377,2078,1842,4496,4663,6574,6882,308,124,96,50,172,214,268,388,120
RN,24,2020-06-07,522,2187,1938,4689,4893,6876,7353,477,145,109,96,193,230,302,471,169
RN,25,2020-06-14,678,2282,2014,4915,5092,7197,7784,587,156,95,76,226,199,321,431,110
RN,26,2020-06-21,804,2367,2076,5137,5276,7504,8156,652,126,85,62,222,184,307,372,65
RN,27,2020-06-28,874,2470,2113,5354,5366,7824,8353,529,70,103,37,217,90,320,197,-123
RN,28,2020-07-05,890,2571,2122,5608,5387,8179,8399,220,16,101,9,254,21,355,46,-309
RN,29,2020-07-12,890,2661,2122,5818,5387,8479,8399,-80,0,90,0,210,0,300,0,-300
RN,30,2020-07-19,890,2746,2122,6025,5387,8771,8399,-372,0,85,0,207,0,292,0,-292
RN,31,2020-07-26,890,2827,2122,6233,5387,9060,8399,-661,0,81,0,208,0,289,0,-289
RN,32,2020-08-02,890,2908,2122,6449,5387,9357,8399,-958,0,81,0,216,0,297,0,-297
RN,33,2020-08-09,890,2993,2122,6637,5387,9630,8399,-1231,0,85,0,188,0,273,0,-273
RN,34,2020-08-16,890,3077,2122,6837,5387,9914,8399,-1515,0,84,0,200,0,284,0,-284
RN,35,2020-08-23,890,3147,2122,7051,5387,10198,8399,-1799,0,70,0,214,0,284,0,-284
RN,36,2020-08-30,890,3217,2122,7265,5387,10482,8399,-2083,0,70,0,214,0,284,0,-284
RN,37,2020-09-06,890,3311,2122,7471,5387,10782,8399,-2383,0,94,0,206,0,300,0,-300
RN,38,2020-09-13,890,3383,2122,7656,5387,11039,8399,-2640,0,72,0,185,0,257,0,-257
RN,39,2020-09-20,890,3461,2122,7865,5387,11326,8399,-2927,0,78,0,209,0,287,0,-287
RN,40,2020-09-27,890,3546,2122,8076,5387,11622,8399,-3223,0,85,0,211,0,296,0,-296
RN,41,2020-10-04,890,3618,2122,8263,5387,11881,8399,-3482,0,72,0,187,0,259,0,-259
RN,42,2020-10-11,890,3680,2122,8479,5387,12159,8399,-3760,0,62,0,216,0,278,0,-278
RN,43,2020-10-18,890,3757,2122,8679,5387,12436,8399,-4037,0,77,0,200,0,277,0,-277
RN,44,2020-10-25,890,3847,2122,8871,5387,12718,8399,-4319,0,90,0,192,0,282,0,-282
RN,45,2020-11-01,890,3911,2122,9074,5387,12985,8399,-4586,0,64,0,203,0,267,0,-267
RN,46,2020-11-08,890,3983,2122,9271,5387,13254,8399,-4855,0,72,0,197,0,269,0,-269
RN,47,2020-11-15,890,4052,2122,9441,5387,13493,8399,-5094,0,69,0,170,0,239,0,-239
RN,48,2020-11-22,890,4123,2122,9652,5387,13775,8399,-5376,0,71,0,211,0,282,0,-282
RN,49,2020-11-29,890,4195,2122,9837,5387,14032,8399,-5633,0,72,0,185,0,257,0,-257
RN,50,2020-12-06,890,4280,2122,10018,5387,14298,8399,-5899,0,85,0,181,0,266,0,-266
RN,51,2020-12-13,890,4355,2122,10198,5387,14553,8399,-6154,0,75,0,180,0,255,0,-255
RN,52,2020-12-20,890,4430,2122,10396,5387,14826,8399,-6427,0,75,0,198,0,273,0,-273
RN,53,2020-12-27,890,4476,2122,10553,5387,15029,8399,-6630,0,46,0,157,0,203,0,-203
RO,1,2020-01-01,0,25,12,58,27,83,39,-44,0,25,12,58,27,83,39,-44
RO,2,2020-01-05,0,67,37,160,92,227,129,-98,0,42,25,102,65,144,90,-54
RO,3,2020-01-12,0,92,56,284,164,376,220,-156,0,25,19,124,72,149,91,-58
RO,4,2020-01-19,0,123,87,402,244,525,331,-194,0,31,31,118,80,149,111,-38
RO,5,2020-01-26,0,146,117,519,319,665,436,-229,0,23,30,117,75,140,105,-35
RO,6,2020-02-02,0,176,163,605,406,781,569,-212,0,30,46,86,87,116,133,17
RO,7,2020-02-09,0,210,188,717,507,927,695,-232,0,34,25,112,101,146,126,-20
RO,8,2020-02-16,0,241,222,822,601,1063,823,-240,0,31,34,105,94,136,128,-8
RO,9,2020-02-23,0,286,259,893,706,1179,965,-214,0,45,37,71,105,116,142,26
RO,10,2020-03-01,0,310,297,955,802,1265,1099,-166,0,24,38,62,96,86,134,48
RO,11,2020-03-08,0,337,333,1028,916,1365,1249,-116,0,27,36,73,114,100,150,50
RO,12,2020-03-15,0,363,386,1090,1028,1453,1414,-39,0,26,53,62,112,88,165,77
RO,13,2020-03-22,1,391,429,1162,1129,1553,1559,6,1,28,43,72,101,100,145,45
RO,14,2020-03-29,2,422,467,1243,1217,1665,1686,21,1,31,38,81,88,112,127,15
RO,15,2020-04-05,4,487,502,1356,1311,1843,1817,-26,2,65,35,113,94,178,131,-47
RO,16,2020-04-12,8,536,531,1469,1404,2005,1943,-62,4,49,29,113,93,162,126,-36
RO,17,2020-04-19,14,582,558,1602,1499,2184,2071,-113,6,46,27,133,95,179,128,-51
RO,18,2020-04-26,30,623,608,1719,1620,2342,2258,-84,16,41,50,117,121,158,187,29
RO,19,2020-05-03,53,667,639,1839,1732,2506,2424,-82,23,44,31,120,112,164,166,2
RO,20,2020-05-10,104,712,670,1941,1827,2653,2601,-52,51,45,31,102,95,147,177,30
RO,21,2020-05-17,174,759,709,2041,1944,2800,2827,27,70,47,39,100,117,147,226,79
RO,22,2020-05-24,255,795,743,2146,2073,2941,3071,130,81,36,34,105,129,141,244,103
RO,23,2020-05-31,262,846,764,2235,2171,3081,3197,116,7,51,21,89,98,140,126,-14
RO,24,2020-06-07,284,878,789,2346,2236,3224,3309,85,22,32,25,111,65,143,112,-31
RO,25,2020-06-14,307,900,806,2474,2296,3374,3409,35,23,22,17,128,60,150,100,-50
RO,26,2020-06-21,327,926,827,2568,2374,3494,3528,34,20,26,21,94,78,120,119,-1
RO,27,2020-06-28,372,958,846,2667,2449,3625,3667,42,45,32,19,99,75,131,139,8
RO,28,2020-07-05,436,1002,859,2775,2510,3777,3805,28,64,44,13,108,61,152,138,-14
RO,29,2020-07-12,436,1042,859,2871,2510,3913,3805,-108,0,40,0,96,0,136,0,-136
RO,30,2020-07-19,436,1084,859,2962,2510,4046,3805,-241,0,42,0,91,0,133,0,-133
RO,31,2020-07-26,436,1119,859,3055,2510,4174,3805,-369,0,35,0,93,0,128,0,-128
RO,32,2020-08-02,436,1144,859,3109,2510,4253,3805,-448,0,25,0,54,0,79,0,-79
RO,33,2020-08-09,436,1178,859,3185,2510,4363,3805,-558,0,34,0,76,0,110,0,-110
RO,34,2020-08-16,436,1203,859,3247,2510,4450,3805,-645,0,25,0,62,0,87,0,-87
RO,35,2020-08-23,436,1224,859,3313,2510,4537,3805,-732,0,21,0,66,0,87,0,-87
RO,36,2020-08-30,436,1268,859,3408,2510,4676,3805,-871,0,44,0,95,0,139,0,-139
RO,37,2020-09-06,436,1311,859,3517,2510,4828,3805,-1023,0,43,0,109,0,152,0,-152
RO,38,2020-09-13,436,1347,859,3646,2510,4993,3805,-1188,0,36,0,129,0,165,0,-165
RO,39,2020-09-20,436,1386,859,3761,2510,5147,3805,-1342,0,39,0,115,0,154,0,-154
RO,40,2020-09-27,436,1417,859,3870,2510,5287,3805,-1482,0,31,0,109,0,140,0,-140
RO,41,2020-10-04,436,1444,859,3955,2510,5399,3805,-1594,0,27,0,85,0,112,0,-112
RO,42,2020-10-11,436,1489,859,4059,2510,5548,3805,-1743,0,45,0,104,0,149,0,-149
RO,43,2020-10-18,436,1507,859,4152,2510,5659,3805,-1854,0,18,0,93,0,111,0,-111
RO,44,2020-10-25,436,1531,859,4240,2510,5771,3805,-1966,0,24,0,88,0,112,0,-112
RO,45,2020-11-01,436,1563,859,4343,2510,5906,3805,-2101,0,32,0,103,0,135,0,-135
RO,46,2020-11-08,436,1596,859,4432,2510,6028,3805,-2223,0,33,0,89,0,122,0,-122
RO,47,2020-11-15,436,1622,859,4545,2510,6167,3805,-2362,0,26,0,113,0,139,0,-139
RO,48,2020-11-22,436,1658,859,4658,2510,6316,3805,-2511,0,36,0,113,0,149,0,-149
RO,49,2020-11-29,436,1702,859,4764,2510,6466,3805,-2661,0,44,0,106,0,150,0,-150
RO,50,2020-12-06,436,1739,859,4860,2510,6599,3805,-2794,0,37,0,96,0,133,0,-133
RO,51,2020-12-13,436,1781,859,4962,2510,6743,3805,-2938,0,42,0,102,0,144,0,-144
RO,52,2020-12-20,436,1807,859,5056,2510,6863,3805,-3058,0,26,0,94,0,120,0,-120
RO,53,2020-12-27,436,1835,859,5126,2510,6961,3805,-3156,0,28,0,70,0,98,0,-98
RR,1,2020-01-01,0,3,7,9,22,12,29,17,0,3,7,9,22,12,29,17
RR,2,2020-01-05,0,12,18,46,57,58,75,17,0,9,11,37,35,46,46,0
RR,3,2020-01-12,0,23,34,72,93,95,127,32,0,11,16,26,36,37,52,15
RR,4,2020-01-19,0,31,47,108,120,139,167,28,0,8,13,36,27,44,40,-4
RR,5,2020-01-26,0,35,56,136,152,171,208,37,0,4,9,28,32,32,41,9
RR,6,2020-02-02,0,42,64,161,176,203,240,37,0,7,8,25,24,32,32,0
RR,7,2020-02-09,0,50,74,182,210,232,284,52,0,8,10,21,34,29,44,15
RR,8,2020-02-16,0,64,82,196,243,260,325,65,0,14,8,14,33,28,41,13
RR,9,2020-02-23,0,68,89,213,273,281,362,81,0,4,7,17,30,21,37,16
RR,10,2020-03-01,0,78,101,235,306,313,407,94,0,10,12,22,33,32,45,13
RR,11,2020-03-08,0,85,107,257,336,342,443,101,0,7,6,22,30,29,36,7
RR,12,2020-03-15,1,93,124,287,373,380,498,118,1,8,17,30,37,38,55,17
RR,13,2020-03-22,1,100,133,321,401,421,535,114,0,7,9,34,28,41,37,-4
RR,14,2020-03-29,2,109,141,356,433,465,576,111,1,9,8,35,32,44,41,-3
RR,15,2020-04-05,3,117,152,384,472,501,627,126,1,8,11,28,39,36,51,15
RR,16,2020-04-12,3,129,160,410,503,539,666,127,0,12,8,26,31,38,39,1
RR,17,2020-04-19,3,142,172,438,530,580,705,125,0,13,12,28,27,41,39,-2
RR,18,2020-04-26,7,154,183,473,545,627,735,108,4,12,11,35,15,47,30,-17
RR,19,2020-05-03,14,164,196,506,563,670,773,103,7,10,13,33,18,43,38,-5
RR,20,2020-05-10,32,180,210,535,599,715,841,126,18,16,14,29,36,45,68,23
RR,21,2020-05-17,58,196,229,562,644,758,931,173,26,16,19,27,45,43,90,47
RR,22,2020-05-24,98,208,242,596,688,804,1028,224,40,12,13,34,44,46,97,51
RR,23,2020-05-31,132,215,254,629,707,844,1093,249,34,7,12,33,19,40,65,25
RR,24,2020-06-07,165,228,260,666,725,894,1150,256,33,13,6,37,18,50,57,7
RR,25,2020-06-14,194,251,265,693,754,944,1213,269,29,23,5,27,29,50,63,13
RR,26,2020-06-21,213,267,269,711,771,978,1253,275,19,16,4,18,17,34,40,6
RR,27,2020-06-28,230,279,270,737,785,1016,1285,269,17,12,1,26,14,38,32,-6
RR,28,2020-07-05,233,301,270,779,787,1080,1290,210,3,22,0,42,2,64,5,-59
RR,29,2020-07-12,233,318,270,813,787,1131,1290,159,0,17,0,34,0,51,0,-51
RR,30,2020-07-19,233,340,270,849,787,1189,1290,101,0,22,0,36,0,58,0,-58
RR,31,2020-07-26,233,361,270,881,787,1242,1290,48,0,21,0,32,0,53,0,-53
RR,32,2020-08-02,233,373,270,911,787,1284,1290,6,0,12,0,30,0,42,0,-42
RR,33,2020-08-09,233,385,270,939,787,1324,1290,-34,0,12,0,28,0,40,0,-40
RR,34,2020-08-16,233,403,270,971,787,1374,1290,-84,0,18,0,32,0,50,0,-50
RR,35,2020-08-23,233,414,270,1001,787,1415,1290,-125,0,11,0,30,0,41,0,-41
RR,36,2020-08-30,233,426,270,1040,787,1466,1290,-176,0,12,0,39,0,51,0,-51
RR,37,2020-09-06,233,442,270,1077,787,1519,1290,-229,0,16,0,37,0,53,0,-53
RR,38,2020-09-13,233,459,270,1118,787,1577,1290,-287,0,17,0,41,0,58,0,-58
RR,39,2020-09-20,233,470,270,1149,787,1619,1290,-329,0,11,0,31,0,42,0,-42
RR,40,2020-09-27,233,484,270,1184,787,1668,1290,-378,0,14,0,35,0,49,0,-49
RR,41,2020-10-04,233,496,270,1212,787,1708,1290,-418,0,12,0,28,0,40,0,-40
RR,42,2020-10-11,233,504,270,1240,787,1744,1290,-454,0,8,0,28,0,36,0,-36
RR,43,2020-10-18,233,517,270,1264,787,1781,1290,-491,0,13,0,24,0,37,0,-37
RR,44,2020-10-25,233,528,270,1295,787,1823,1290,-533,0,11,0,31,0,42,0,-42
RR,45,2020-11-01,233,540,270,1325,787,1865,1290,-575,0,12,0,30,0,42,0,-42
RR,46,2020-11-08,233,550,270,1346,787,1896,1290,-606,0,10,0,21,0,31,0,-31
RR,47,2020-11-15,233,564,270,1382,787,1946,1290,-656,0,14,0,36,0,50,0,-50
RR,48,2020-11-22,233,581,270,1414,787,1995,1290,-705,0,17,0,32,0,49,0,-49
RR,49,2020-11-29,233,592,270,1449,787,2041,1290,-751,0,11,0,35,0,46,0,-46
RR,50,2020-12-06,233,598,270,1475,787,2073,1290,-783,0,6,0,26,0,32,0,-32
RR,51,2020-12-13,233,611,270,1504,787,2115,1290,-825,0,13,0,29,0,42,0,-42
RR,52,2020-12-20,233,615,270,1522,787,2137,1290,-847,0,4,0,18,0,22,0,-22
RR,53,2020-12-27,233,626,270,1545,787,2171,1290,-881,0,11,0,23,0,34,0,-34
RS,1,2020-01-01,0,243,202,640,663,883,865,-18,0,243,202,640,663,883,865,-18
RS,2,2020-01-05,0,619,623,1601,1738,2220,2361,141,0,376,421,961,1075,1337,1496,159
RS,3,2020-01-12,0,943,992,2574,2817,3517,3809,292,0,324,369,973,1079,1297,1448,151
RS,4,2020-01-19,0,1254,1364,3512,3874,4766,5238,472,0,311,372,938,1057,1249,1429,180
RS,5,2020-01-26,0,1702,1728,4672,4922,6374,6650,276,0,448,364,1160,1048,1608,1412,-196
RS,6,2020-02-02,0,2087,2095,5645,6016,7732,8111,379,0,385,367,973,1094,1358,1461,103
RS,7,2020-02-09,0,2440,2429,6632,7071,9072,9500,428,0,353,334,987,1055,1340,1389,49
RS,8,2020-02-16,0,2791,2771,7658,8151,10449,10922,473,0,351,342,1026,1080,1377,1422,45
RS,9,2020-02-23,0,3091,3143,8538,9182,11629,12325,696,0,300,372,880,1031,1180,1403,223
RS,10,2020-03-01,0,3438,3500,9553,10239,12991,13739,748,0,347,357,1015,1057,1362,1414,52
RS,11,2020-03-08,0,3818,3901,10569,11320,14387,15221,834,0,380,401,1016,1081,1396,1482,86
RS,12,2020-03-15,0,4178,4312,11640,12399,15818,16711,893,0,360,411,1071,1079,1431,1490,59
RS,13,2020-03-22,3,4524,4702,12687,13372,17211,18077,866,3,346,390,1047,973,1393,1366,-27
RS,14,2020-03-29,21,4941,5041,13776,14396,18717,19458,741,18,417,339,1089,1024,1506,1381,-125
RS,15,2020-04-05,40,5337,5401,14793,15425,20130,20866,736,19,396,360,1017,1029,1413,1408,-5
RS,16,2020-04-12,58,5719,5746,15902,16448,21621,22252,631,18,382,345,1109,1023,1491,1386,-105
RS,17,2020-04-19,79,6121,6114,16939,17486,23060,23679,619,21,402,368,1037,1038,1439,1427,-12
RS,18,2020-04-26,122,6490,6440,17971,18505,24461,25067,606,43,369,326,1032,1019,1401,1388,-13
RS,19,2020-05-03,178,6889,6719,19061,19621,25950,26518,568,56,399,279,1090,1116,1489,1451,-38
RS,20,2020-05-10,245,7281,7063,20167,20781,27448,28089,641,67,392,344,1106,1160,1498,1571,73
RS,21,2020-05-17,292,7671,7382,21315,21776,28986,29450,464,47,390,319,1148,995,1538,1361,-177
RS,22,2020-05-24,354,8109,7720,22499,22909,30608,30983,375,62,438,338,1184,1133,1622,1533,-89
RS,23,2020-05-31,432,8598,8084,23727,24086,32325,32602,277,78,489,364,1228,1177,1717,1619,-98
RS,24,2020-06-07,528,9076,8481,24936,25281,34012,34290,278,96,478,397,1209,1195,1687,1688,1
RS,25,2020-06-14,634,9562,8837,26100,26412,35662,35883,221,106,486,356,1164,1131,1650,1593,-57
RS,26,2020-06-21,770,10103,9187,27262,27458,37365,37415,50,136,541,350,1162,1046,1703,1532,-171
RS,27,2020-06-28,941,10630,9538,28563,28551,39193,39030,-163,171,527,351,1301,1093,1828,1615,-213
RS,28,2020-07-05,1069,11236,9743,30079,29184,41315,39996,-1319,128,606,205,1516,633,2122,966,-1156
RS,29,2020-07-12,1069,11852,9745,31468,29189,43320,40003,-3317,0,616,2,1389,5,2005,7,-1998
RS,30,2020-07-19,1069,12497,9745,32817,29189,45314,40003,-5311,0,645,0,1349,0,1994,0,-1994
RS,31,2020-07-26,1069,13095,9745,34158,29189,47253,40003,-7250,0,598,0,1341,0,1939,0,-1939
RS,32,2020-08-02,1069,13739,9745,35557,29189,49296,40003,-9293,0,644,0,1399,0,2043,0,-2043
RS,33,2020-08-09,1069,14256,9745,36847,29189,51103,40003,-11100,0,517,0,1290,0,1807,0,-1807
RS,34,2020-08-16,1069,14843,9745,38160,29189,53003,40003,-13000,0,587,0,1313,0,1900,0,-1900
RS,35,2020-08-23,1069,15438,9745,39513,29189,54951,40003,-14948,0,595,0,1353,0,1948,0,-1948
RS,36,2020-08-30,1069,15991,9745,40747,29189,56738,40003,-16735,0,553,0,1234,0,1787,0,-1787
RS,37,2020-09-06,1069,16552,9745,42020,29189,58572,40003,-18569,0,561,0,1273,0,1834,0,-1834
RS,38,2020-09-13,1069,17104,9745,43195,29189,60299,40003,-20296,0,552,0,1175,0,1727,0,-1727
RS,39,2020-09-20,1069,17594,9745,44393,29189,61987,40003,-21984,0,490,0,1198,0,1688,0,-1688
RS,40,2020-09-27,1069,18149,9745,45637,29189,63786,40003,-23783,0,555,0,1244,0,1799,0,-1799
RS,41,2020-10-04,1069,18642,9745,46762,29189,65404,40003,-25401,0,493,0,1125,0,1618,0,-1618
RS,42,2020-10-11,1069,19117,9745,47924,29189,67041,40003,-27038,0,475,0,1162,0,1637,0,-1637
RS,43,2020-10-18,1069,19538,9745,49057,29189,68595,40003,-28592,0,421,0,1133,0,1554,0,-1554
RS,44,2020-10-25,1069,20007,9745,50184,29189,70191,40003,-30188,0,469,0,1127,0,1596,0,-1596
RS,45,2020-11-01,1069,20448,9745,51299,29189,71747,40003,-31744,0,441,0,1115,0,1556,0,-1556
RS,46,2020-11-08,1069,20884,9745,52398,29189,73282,40003,-33279,0,436,0,1099,0,1535,0,-1535
RS,47,2020-11-15,1069,21283,9745,53476,29189,74759,40003,-34756,0,399,0,1078,0,1477,0,-1477
RS,48,2020-11-22,1069,21689,9745,54566,29189,76255,40003,-36252,0,406,0,1090,0,1496,0,-1496
RS,49,2020-11-29,1069,22054,9745,55676,29189,77730,40003,-37727,0,365,0,1110,0,1475,0,-1475
RS,50,2020-12-06,1069,22467,9745,56776,29189,79243,40003,-39240,0,413,0,1100,0,1513,0,-1513
RS,51,2020-12-13,1069,22846,9745,57885,29189,80731,40003,-40728,0,379,0,1109,0,1488,0,-1488
RS,52,2020-12-20,1069,23234,9745,58979,29189,82213,40003,-42210,0,388,0,1094,0,1482,0,-1482
RS,53,2020-12-27,1069,23568,9745,59858,29189,83426,40003,-43423,0,334,0,879,0,1213,0,-1213
SC,1,2020-01-01,0,109,100,325,295,434,395,-39,0,109,100,325,295,434,395,-39
SC,2,2020-01-05,0,313,278,826,837,1139,1115,-24,0,204,178,501,542,705,720,15
SC,3,2020-01-12,0,505,439,1310,1335,1815,1774,-41,0,192,161,484,498,676,659,-17
SC,4,2020-01-19,0,657,612,1760,1850,2417,2462,45,0,152,173,450,515,602,688,86
SC,5,2020-01-26,0,843,780,2311,2333,3154,3113,-41,0,186,168,551,483,737,651,-86
SC,6,2020-02-02,0,1009,960,2855,2830,3864,3790,-74,0,166,180,544,497,710,677,-33
SC,7,2020-02-09,0,1220,1137,3361,3310,4581,4447,-134,0,211,177,506,480,717,657,-60
SC,8,2020-02-16,0,1394,1327,3850,3830,5244,5157,-87,0,174,190,489,520,663,710,47
SC,9,2020-02-23,0,1536,1507,4295,4308,5831,5815,-16,0,142,180,445,478,587,658,71
SC,10,2020-03-01,0,1726,1683,4828,4807,6554,6490,-64,0,190,176,533,499,723,675,-48
SC,11,2020-03-08,0,1912,1861,5322,5321,7234,7182,-52,0,186,178,494,514,680,692,12
SC,12,2020-03-15,0,2109,2087,5797,5862,7906,7949,43,0,197,226,475,541,672,767,95
SC,13,2020-03-22,2,2299,2277,6255,6365,8554,8644,90,2,190,190,458,503,648,695,47
SC,14,2020-03-29,17,2490,2442,6725,6886,9215,9345,130,15,191,165,470,521,661,701,40
SC,15,2020-04-05,32,2657,2620,7212,7347,9869,9999,130,15,167,178,487,461,654,654,0
SC,16,2020-04-12,51,2859,2769,7714,7822,10573,10642,69,19,202,149,502,475,704,643,-61
SC,17,2020-04-19,66,3042,2918,8179,8339,11221,11323,102,15,183,149,465,517,648,681,33
SC,18,2020-04-26,80,3257,3098,8664,8828,11921,12006,85,14,215,180,485,489,700,683,-17
SC,19,2020-05-03,99,3434,3246,9181,9320,12615,12665,50,19,177,148,517,492,694,659,-35
SC,20,2020-05-10,124,3634,3416,9675,9798,13309,13338,29,25,200,170,494,478,694,673,-21
SC,21,2020-05-17,157,3846,3552,10201,10332,14047,14041,-6,33,212,136,526,534,738,703,-35
SC,22,2020-05-24,204,4051,3696,10741,10797,14792,14697,-95,47,205,144,540,465,745,656,-89
SC,23,2020-05-31,249,4228,3834,11279,11355,15507,15438,-69,45,177,138,538,558,715,741,26
SC,24,2020-06-07,284,4490,3991,11814,11890,16304,16165,-139,35,262,157,535,535,797,727,-70
SC,25,2020-06-14,333,4734,4148,12321,12442,17055,16923,-132,49,244,157,507,552,751,758,7
SC,26,2020-06-21,402,4965,4324,12864,12904,17829,17630,-199,69,231,176,543,462,774,707,-67
SC,27,2020-06-28,483,5234,4461,13392,13357,18626,18301,-325,81,269,137,528,453,797,671,-126
SC,28,2020-07-05,526,5530,4524,14050,13553,19580,18603,-977,43,296,63,658,196,954,302,-652
SC,29,2020-07-12,526,5795,4524,14639,13553,20434,18603,-1831,0,265,0,589,0,854,0,-854
SC,30,2020-07-19,526,6061,4524,15239,13553,21300,18603,-2697,0,266,0,600,0,866,0,-866
SC,31,2020-07-26,526,6324,4524,15770,13553,22094,18603,-3491,0,263,0,531,0,794,0,-794
SC,32,2020-08-02,526,6579,4524,16327,13553,22906,18603,-4303,0,255,0,557,0,812,0,-812
SC,33,2020-08-09,526,6835,4524,16894,13553,23729,18603,-5126,0,256,0,567,0,823,0,-823
SC,34,2020-08-16,526,7056,4524,17432,13553,24488,18603,-5885,0,221,0,538,0,759,0,-759
SC,35,2020-08-23,526,7289,4524,18001,13553,25290,18603,-6687,0,233,0,569,0,802,0,-802
SC,36,2020-08-30,526,7521,4524,18539,13553,26060,18603,-7457,0,232,0,538,0,770,0,-770
SC,37,2020-09-06,526,7774,4524,19130,13553,26904,18603,-8301,0,253,0,591,0,844,0,-844
SC,38,2020-09-13,526,8021,4524,19657,13553,27678,18603,-9075,0,247,0,527,0,774,0,-774
SC,39,2020-09-20,526,8243,4524,20192,13553,28435,18603,-9832,0,222,0,535,0,757,0,-757
SC,40,2020-09-27,526,8476,4524,20712,13553,29188,18603,-10585,0,233,0,520,0,753,0,-753
SC,41,2020-10-04,526,8701,4524,21248,13553,29949,18603,-11346,0,225,0,536,0,761,0,-761
SC,42,2020-10-11,526,8940,4524,21746,13553,30686,18603,-12083,0,239,0,498,0,737,0,-737
SC,43,2020-10-18,526,9169,4524,22267,13553,31436,18603,-12833,0,229,0,521,0,750,0,-750
SC,44,2020-10-25,526,9370,4524,22760,13553,32130,18603,-13527,0,201,0,493,0,694,0,-694
SC,45,2020-11-01,526,9553,4524,23257,13553,32810,18603,-14207,0,183,0,497,0,680,0,-680
SC,46,2020-11-08,526,9746,4524,23758,13553,33504,18603,-14901,0,193,0,501,0,694,0,-694
SC,47,2020-11-15,526,9948,4524,24279,13553,34227,18603,-15624,0,202,0,521,0,723,0,-723
SC,48,2020-11-22,526,10164,4524,24797,13553,34961,18603,-16358,0,216,0,518,0,734,0,-734
SC,49,2020-11-29,526,10318,4524,25309,13553,35627,18603,-17024,0,154,0,512,0,666,0,-666
SC,50,2020-12-06,526,10511,4524,25812,13553,36323,18603,-17720,0,193,0,503,0,696,0,-696
SC,51,2020-12-13,526,10695,4524,26298,13553,36993,18603,-18390,0,184,0,486,0,670,0,-670
SC,52,2020-12-20,526,10880,4524,26805,13553,37685,18603,-19082,0,185,0,507,0,692,0,-692
SC,53,2020-12-27,526,11011,4524,27181,13553,38192,18603,-19589,0,131,0,376,0,507,0,-507
SE,1,2020-01-01,0,33,32,106,92,139,124,-15,0,33,32,106,92,139,124,-15
SE,2,2020-01-05,0,73,73,254,241,327,314,-13,0,40,41,148,149,188,190,2
SE,3,2020-01-12,0,126,120,396,401,522,521,-1,0,53,47,142,160,195,207,12
SE,4,2020-01-19,0,171,173,545,550,716,723,7,0,45,53,149,149,194,202,8
SE,5,2020-01-26,0,223,239,692,710,915,949,34,0,52,66,147,160,199,226,27
SE,6,2020-02-02,0,287,287,854,881,1141,1168,27,0,64,48,162,171,226,219,-7
SE,7,2020-02-09,0,337,350,1011,1014,1348,1364,16,0,50,63,157,133,207,196,-11
SE,8,2020-02-16,0,378,410,1165,1155,1543,1565,22,0,41,60,154,141,195,201,6
SE,9,2020-02-23,0,432,466,1322,1290,1754,1756,2,0,54,56,157,135,211,191,-20
SE,10,2020-03-01,0,473,529,1452,1421,1925,1950,25,0,41,63,130,131,171,194,23
SE,11,2020-03-08,0,520,588,1631,1565,2151,2153,2,0,47,59,179,144,226,203,-23
SE,12,2020-03-15,0,568,651,1803,1733,2371,2384,13,0,48,63,172,168,220,231,11
SE,13,2020-03-22,0,612,704,1974,1893,2586,2597,11,0,44,53,171,160,215,213,-2
SE,14,2020-03-29,2,669,769,2142,2055,2811,2826,15,2,57,65,168,162,225,229,4
SE,15,2020-04-05,3,720,820,2295,2199,3015,3022,7,1,51,51,153,144,204,196,-8
SE,16,2020-04-12,5,781,872,2455,2349,3236,3226,-10,2,61,52,160,150,221,204,-17
SE,17,2020-04-19,9,842,921,2619,2489,3461,3419,-42,4,61,49,164,140,225,193,-32
SE,18,2020-04-26,11,886,961,2782,2637,3668,3609,-59,2,44,40,163,148,207,190,-17
SE,19,2020-05-03,25,935,1013,2954,2775,3889,3813,-76,14,49,52,172,138,221,204,-17
SE,20,2020-05-10,46,988,1064,3143,2925,4131,4035,-96,21,53,51,189,150,242,222,-20
SE,21,2020-05-17,77,1056,1108,3310,3083,4366,4268,-98,31,68,44,167,158,235,233,-2
SE,22,2020-05-24,137,1117,1155,3462,3258,4579,4550,-29,60,61,47,152,175,213,282,69
SE,23,2020-05-31,207,1174,1195,3632,3414,4806,4816,10,70,57,40,170,156,227,266,39
SE,24,2020-06-07,293,1239,1239,3815,3563,5054,5095,41,86,65,44,183,149,248,279,31
SE,25,2020-06-14,386,1299,1277,3978,3701,5277,5364,87,93,60,38,163,138,223,269,46
SE,26,2020-06-21,503,1361,1314,4157,3865,5518,5682,164,117,62,37,179,164,241,318,77
SE,27,2020-06-28,603,1417,1346,4327,3957,5744,5906,162,100,56,32,170,92,226,224,-2
SE,28,2020-07-05,633,1481,1356,4497,3999,5978,5988,10,30,64,10,170,42,234,82,-152
SE,29,2020-07-12,633,1555,1356,4662,3999,6217,5988,-229,0,74,0,165,0,239,0,-239
SE,30,2020-07-19,633,1615,1356,4842,3999,6457,5988,-469,0,60,0,180,0,240,0,-240
SE,31,2020-07-26,633,1658,1356,5014,3999,6672,5988,-684,0,43,0,172,0,215,0,-215
SE,32,2020-08-02,633,1713,1356,5174,3999,6887,5988,-899,0,55,0,160,0,215,0,-215
SE,33,2020-08-09,633,1766,1356,5328,3999,7094,5988,-1106,0,53,0,154,0,207,0,-207
SE,34,2020-08-16,633,1811,1356,5511,3999,7322,5988,-1334,0,45,0,183,0,228,0,-228
SE,35,2020-08-23,633,1864,1356,5666,3999,7530,5988,-1542,0,53,0,155,0,208,0,-208
SE,36,2020-08-30,633,1908,1356,5847,3999,7755,5988,-1767,0,44,0,181,0,225,0,-225
SE,37,2020-09-06,633,1957,1356,5995,3999,7952,5988,-1964,0,49,0,148,0,197,0,-197
SE,38,2020-09-13,633,2008,1356,6148,3999,8156,5988,-2168,0,51,0,153,0,204,0,-204
SE,39,2020-09-20,633,2039,1356,6307,3999,8346,5988,-2358,0,31,0,159,0,190,0,-190
SE,40,2020-09-27,633,2089,1356,6460,3999,8549,5988,-2561,0,50,0,153,0,203,0,-203
SE,41,2020-10-04,633,2136,1356,6623,3999,8759,5988,-2771,0,47,0,163,0,210,0,-210
SE,42,2020-10-11,633,2184,1356,6772,3999,8956,5988,-2968,0,48,0,149,0,197,0,-197
SE,43,2020-10-18,633,2239,1356,6917,3999,9156,5988,-3168,0,55,0,145,0,200,0,-200
SE,44,2020-10-25,633,2284,1356,7067,3999,9351,5988,-3363,0,45,0,150,0,195,0,-195
SE,45,2020-11-01,633,2334,1356,7203,3999,9537,5988,-3549,0,50,0,136,0,186,0,-186
SE,46,2020-11-08,633,2373,1356,7346,3999,9719,5988,-3731,0,39,0,143,0,182,0,-182
SE,47,2020-11-15,633,2416,1356,7464,3999,9880,5988,-3892,0,43,0,118,0,161,0,-161
SE,48,2020-11-22,633,2474,1356,7607,3999,10081,5988,-4093,0,58,0,143,0,201,0,-201
SE,49,2020-11-29,633,2523,1356,7735,3999,10258,5988,-4270,0,49,0,128,0,177,0,-177
SE,50,2020-12-06,633,2579,1356,7906,3999,10485,5988,-4497,0,56,0,171,0,227,0,-227
SE,51,2020-12-13,633,2633,1356,8041,3999,10674,5988,-4686,0,54,0,135,0,189,0,-189
SE,52,2020-12-20,633,2677,1356,8181,3999,10858,5988,-4870,0,44,0,140,0,184,0,-184
SE,53,2020-12-27,633,2708,1356,8275,3999,10983,5988,-4995,0,31,0,94,0,125,0,-125
SP,1,2020-01-01,0,1050,1084,2158,2233,3208,3317,109,0,1050,1084,2158,2233,3208,3317,109
SP,2,2020-01-05,0,2875,2868,5861,5979,8736,8847,111,0,1825,1784,3703,3746,5528,5530,2
SP,3,2020-01-12,0,4725,4607,9582,9746,14307,14353,46,0,1850,1739,3721,3767,5571,5506,-65
SP,4,2020-01-19,0,6526,6271,13494,13416,20020,19687,-333,0,1801,1664,3912,3670,5713,5334,-379
SP,5,2020-01-26,0,8273,8028,17248,17324,25521,25352,-169,0,1747,1757,3754,3908,5501,5665,164
SP,6,2020-02-02,0,10055,9655,21069,20955,31124,30610,-514,0,1782,1627,3821,3631,5603,5258,-345
SP,7,2020-02-09,0,11732,11262,24804,24697,36536,35959,-577,0,1677,1607,3735,3742,5412,5349,-63
SP,8,2020-02-16,0,13360,13070,28504,28559,41864,41629,-235,0,1628,1808,3700,3862,5328,5670,342
SP,9,2020-02-23,0,14799,14847,31581,32355,46380,47202,822,0,1439,1777,3077,3796,4516,5573,1057
SP,10,2020-03-01,0,16540,16565,35135,36135,51675,52700,1025,0,1741,1718,3554,3780,5295,5498,203
SP,11,2020-03-08,0,18362,18490,38847,40038,57209,58528,1319,0,1822,1925,3712,3903,5534,5828,294
SP,12,2020-03-15,48,20216,20607,42636,44023,62852,64678,1826,48,1854,2117,3789,3985,5643,6150,507
SP,13,2020-03-22,309,22003,22576,46414,47811,68417,70696,2279,261,1787,1969,3778,3788,5565,6018,453
SP,14,2020-03-29,807,23760,24511,50147,51582,73907,76900,2993,498,1757,1935,3733,3771,5490,6204,714
SP,15,2020-04-05,1459,25547,26310,53894,55318,79441,83087,3646,652,1787,1799,3747,3736,5534,6187,653
SP,16,2020-04-12,2114,27393,28072,57582,58979,84975,89165,4190,655,1846,1762,3688,3661,5534,6078,544
SP,17,2020-04-19,2912,29239,29775,61562,62702,90801,95389,4588,798,1846,1703,3980,3723,5826,6224,398
SP,18,2020-04-26,4025,31164,31496,65403,66550,96567,102071,5504,1113,1925,1721,3841,3848,5766,6682,916
SP,19,2020-05-03,5247,33124,33182,69325,70349,102449,108778,6329,1222,1960,1686,3922,3799,5882,6707,825
SP,20,2020-05-10,6672,34982,34856,73336,74399,108318,115927,7609,1425,1858,1674,4011,4050,5869,7149,1280
SP,21,2020-05-17,8300,36925,36567,77382,78328,114307,123195,8888,1628,1943,1711,4046,3929,5989,7268,1279
SP,22,2020-05-24,9997,39011,38263,81591,82556,120602,130816,10214,1697,2086,1696,4209,4228,6295,7621,1326
SP,23,2020-05-31,11762,41137,40093,85803,86649,126940,138504,11564,1765,2126,1830,4212,4093,6338,7688,1350
SP,24,2020-06-07,13673,43597,41763,90129,90727,133726,146163,12437,1911,2460,1670,4326,4078,6786,7659,873
SP,25,2020-06-14,15553,46066,43375,94336,94494,140402,153422,13020,1880,2469,1612,4207,3767,6676,7259,583
SP,26,2020-06-21,17341,48461,44862,98429,98171,146890,160374,13484,1788,2395,1487,4093,3677,6488,6952,464
SP,27,2020-06-28,18916,50834,46158,102554,101525,153388,166599,13211,1575,2373,1296,4125,3354,6498,6225,-273
SP,28,2020-07-05,19550,53203,46735,106946,102928,160149,169213,9064,634,2369,577,4392,1403,6761,2614,-4147
SP,29,2020-07-12,19550,55551,46735,111388,102928,166939,169213,2274,0,2348,0,4442,0,6790,0,-6790
SP,30,2020-07-19,19550,57802,46735,115583,102928,173385,169213,-4172,0,2251,0,4195,0,6446,0,-6446
SP,31,2020-07-26,19550,59996,46735,119591,102928,179587,169213,-10374,0,2194,0,4008,0,6202,0,-6202
SP,32,2020-08-02,19550,62169,46735,123759,102928,185928,169213,-16715,0,2173,0,4168,0,6341,0,-6341
SP,33,2020-08-09,19550,64174,46735,127801,102928,191975,169213,-22762,0,2005,0,4042,0,6047,0,-6047
SP,34,2020-08-16,19550,66118,46735,131744,102928,197862,169213,-28649,0,1944,0,3943,0,5887,0,-5887
SP,35,2020-08-23,19550,68070,46735,135684,102928,203754,169213,-34541,0,1952,0,3940,0,5892,0,-5892
SP,36,2020-08-30,19550,70105,46735,139643,102928,209748,169213,-40535,0,2035,0,3959,0,5994,0,-5994
SP,37,2020-09-06,19550,72170,46735,143802,102928,215972,169213,-46759,0,2065,0,4159,0,6224,0,-6224
SP,38,2020-09-13,19550,74221,46735,147836,102928,222057,169213,-52844,0,2051,0,4034,0,6085,0,-6085
SP,39,2020-09-20,19550,76106,46735,151557,102928,227663,169213,-58450,0,1885,0,3721,0,5606,0,-5606
SP,40,2020-09-27,19550,77898,46735,155374,102928,233272,169213,-64059,0,1792,0,3817,0,5609,0,-5609
SP,41,2020-10-04,19550,79735,46735,159108,102928,238843,169213,-69630,0,1837,0,3734,0,5571,0,-5571
SP,42,2020-10-11,19550,81566,46735,162932,102928,244498,169213,-75285,0,1831,0,3824,0,5655,0,-5655
SP,43,2020-10-18,19550,83389,46735,166684,102928,250073,169213,-80860,0,1823,0,3752,0,5575,0,-5575
SP,44,2020-10-25,19550,85219,46735,170472,102928,255691,169213,-86478,0,1830,0,3788,0,5618,0,-5618
SP,45,2020-11-01,19550,87048,46735,174302,102928,261350,169213,-92137,0,1829,0,3830,0,5659,0,-5659
SP,46,2020-11-08,19550,88798,46735,177855,102928,266653,169213,-97440,0,1750,0,3553,0,5303,0,-5303
SP,47,2020-11-15,19550,90396,46735,181507,102928,271903,169213,-102690,0,1598,0,3652,0,5250,0,-5250
SP,48,2020-11-22,19550,92115,46735,185165,102928,277280,169213,-108067,0,1719,0,3658,0,5377,0,-5377
SP,49,2020-11-29,19550,93839,46735,188924,102928,282763,169213,-113550,0,1724,0,3759,0,5483,0,-5483
SP,50,2020-12-06,19550,95498,46735,192720,102928,288218,169213,-119005,0,1659,0,3796,0,5455,0,-5455
SP,51,2020-12-13,19550,97153,46735,196707,102928,293860,169213,-124647,0,1655,0,3987,0,5642,0,-5642
SP,52,2020-12-20,19550,98957,46735,200631,102928,299588,169213,-130375,0,1804,0,3924,0,5728,0,-5728
SP,53,2020-12-27,19550,100224,46735,203310,102928,303534,169213,-134321,0,1267,0,2679,0,3946,0,-3946
TO,1,2020-01-01,0,14,19,51,49,65,68,3,0,14,19,51,49,65,68,3
TO,2,2020-01-05,0,39,43,114,106,153,149,-4,0,25,24,63,57,88,81,-7
TO,3,2020-01-12,0,59,77,176,181,235,258,23,0,20,34,62,75,82,109,27
TO,4,2020-01-19,0,86,98,254,243,340,341,1,0,27,21,78,62,105,83,-22
TO,5,2020-01-26,0,110,122,319,297,429,419,-10,0,24,24,65,54,89,78,-11
TO,6,2020-02-02,0,136,150,391,351,527,501,-26,0,26,28,72,54,98,82,-16
TO,7,2020-02-09,0,158,179,462,425,620,604,-16,0,22,29,71,74,93,103,10
TO,8,2020-02-16,0,179,210,524,500,703,710,7,0,21,31,62,75,83,106,23
TO,9,2020-02-23,0,193,240,587,566,780,806,26,0,14,30,63,66,77,96,19
TO,10,2020-03-01,0,215,261,653,622,868,883,15,0,22,21,66,56,88,77,-11
TO,11,2020-03-08,0,230,287,707,700,937,987,50,0,15,26,54,78,69,104,35
TO,12,2020-03-15,0,255,319,768,764,1023,1083,60,0,25,32,61,64,86,96,10
TO,13,2020-03-22,0,282,340,829,833,1111,1173,62,0,27,21,61,69,88,90,2
TO,14,2020-03-29,0,315,366,889,904,1204,1270,66,0,33,26,60,71,93,97,4
TO,15,2020-04-05,0,341,381,957,963,1298,1344,46,0,26,15,68,59,94,74,-20
TO,16,2020-04-12,1,379,409,1015,1016,1394,1426,32,1,38,28,58,53,96,82,-14
TO,17,2020-04-19,1,409,424,1095,1074,1504,1499,-5,0,30,15,80,58,110,73,-37
TO,18,2020-04-26,4,436,452,1186,1136,1622,1592,-30,3,27,28,91,62,118,93,-25
TO,19,2020-05-03,7,470,467,1253,1199,1723,1673,-50,3,34,15,67,63,101,81,-20
TO,20,2020-05-10,23,505,490,1326,1266,1831,1779,-52,16,35,23,73,67,108,106,-2
TO,21,2020-05-17,36,533,511,1393,1328,1926,1875,-51,13,28,21,67,62,95,96,1
TO,22,2020-05-24,52,562,529,1467,1394,2029,1975,-54,16,29,18,74,66,103,100,-3
TO,23,2020-05-31,68,587,553,1535,1459,2122,2080,-42,16,25,24,68,65,93,105,12
TO,24,2020-06-07,85,615,576,1595,1519,2210,2180,-30,17,28,23,60,60,88,100,12
TO,25,2020-06-14,102,636,598,1674,1583,2310,2283,-27,17,21,22,79,64,100,103,3
TO,26,2020-06-21,113,656,619,1749,1641,2405,2373,-32,11,20,21,75,58,95,90,-5
TO,27,2020-06-28,125,674,642,1817,1694,2491,2461,-30,12,18,23,68,53,86,88,2
TO,28,2020-07-05,130,690,649,1875,1716,2565,2495,-70,5,16,7,58,22,74,34,-40
TO,29,2020-07-12,130,715,649,1960,1716,2675,2495,-180,0,25,0,85,0,110,0,-110
TO,30,2020-07-19,130,743,649,2036,1716,2779,2495,-284,0,28,0,76,0,104,0,-104
TO,31,2020-07-26,130,766,649,2114,1716,2880,2495,-385,0,23,0,78,0,101,0,-101
TO,32,2020-08-02,130,784,649,2170,1716,2954,2495,-459,0,18,0,56,0,74,0,-74
TO,33,2020-08-09,130,816,649,2246,1716,3062,2495,-567,0,32,0,76,0,108,0,-108
TO,34,2020-08-16,130,842,649,2312,1716,3154,2495,-659,0,26,0,66,0,92,0,-92
TO,35,2020-08-23,130,871,649,2383,1716,3254,2495,-759,0,29,0,71,0,100,0,-100
TO,36,2020-08-30,130,887,649,2450,1716,3337,2495,-842,0,16,0,67,0,83,0,-83
TO,37,2020-09-06,130,920,649,2509,1716,3429,2495,-934,0,33,0,59,0,92,0,-92
TO,38,2020-09-13,130,957,649,2583,1716,3540,2495,-1045,0,37,0,74,0,111,0,-111
TO,39,2020-09-20,130,983,649,2656,1716,3639,2495,-1144,0,26,0,73,0,99,0,-99
TO,40,2020-09-27,130,1011,649,2729,1716,3740,2495,-1245,0,28,0,73,0,101,0,-101
TO,41,2020-10-04,130,1046,649,2790,1716,3836,2495,-1341,0,35,0,61,0,96,0,-96
TO,42,2020-10-11,130,1069,649,2857,1716,3926,2495,-1431,0,23,0,67,0,90,0,-90
TO,43,2020-10-18,130,1083,649,2927,1716,4010,2495,-1515,0,14,0,70,0,84,0,-84
TO,44,2020-10-25,130,1117,649,2988,1716,4105,2495,-1610,0,34,0,61,0,95,0,-95
TO,45,2020-11-01,130,1146,649,3062,1716,4208,2495,-1713,0,29,0,74,0,103,0,-103
TO,46,2020-11-08,130,1166,649,3119,1716,4285,2495,-1790,0,20,0,57,0,77,0,-77
TO,47,2020-11-15,130,1192,649,3194,1716,4386,2495,-1891,0,26,0,75,0,101,0,-101
TO,48,2020-11-22,130,1231,649,3259,1716,4490,2495,-1995,0,39,0,65,0,104,0,-104
TO,49,2020-11-29,130,1269,649,3338,1716,4607,2495,-2112,0,38,0,79,0,117,0,-117
TO,50,2020-12-06,130,1292,649,3412,1716,4704,2495,-2209,0,23,0,74,0,97,0,-97
TO,51,2020-12-13,130,1330,649,3485,1716,4815,2495,-2320,0,38,0,73,0,111,0,-111
TO,52,2020-12-20,130,1367,649,3558,1716,4925,2495,-2430,0,37,0,73,0,110,0,-110
TO,53,2020-12-27,130,1387,649,3609,1716,4996,2495,-2501,0,20,0,51,0,71,0,-71
