state,epidemiological_week_2020,first_day_epiweek_2020,deaths_covid19_2020,deaths_other_respiratory_2019,deaths_other_respiratory_2020,deaths_others_2019,deaths_others_2020,deaths_total_2019,deaths_total_2020,deaths_total_dif,new_deaths_covid19_2020,new_deaths_other_respiratory_2019,new_deaths_other_respiratory_2020,new_deaths_others_2019,new_deaths_others_2020,new_deaths_total_2019,new_deaths_total_2020,new_deaths_total_dif
AC,1,2020-01-01,0,8,10,22,32,30,42,12,0,8,10,22,32,30,42,12
AC,2,2020-01-05,0,21,36,61,77,82,113,31,0,13,26,39,45,52,71,19
AC,3,2020-01-12,0,45,58,102,130,147,188,41,0,24,22,41,53,65,75,10
AC,4,2020-01-19,0,60,79,147,184,207,263,56,0,15,21,45,54,60,75,15
AC,5,2020-01-26,0,86,93,187,240,273,333,60,0,26,14,40,56,66,70,4
AC,6,2020-02-02,0,109,111,228,299,337,410,73,0,23,18,41,59,64,77,13
AC,7,2020-02-09,0,127,135,274,364,401,499,98,0,18,24,46,65,64,89,25
AC,8,2020-02-16,0,146,153,324,408,470,561,91,0,19,18,50,44,69,62,-7
AC,9,2020-02-23,0,169,173,368,452,537,625,88,0,23,20,44,44,67,64,-3
AC,10,2020-03-01,0,182,194,414,510,596,704,108,0,13,21,46,58,59,79,20
AC,11,2020-03-08,0,212,225,461,553,673,778,105,0,30,31,47,43,77,74,-3
AC,12,2020-03-15,0,250,249,508,601,758,850,92,0,38,24,47,48,85,72,-13
AC,13,2020-03-22,0,274,270,541,641,815,911,96,0,24,21,33,40,57,61,4
AC,14,2020-03-29,0,300,286,583,682,883,968,85,0,26,16,42,41,68,57,-11
AC,15,2020-04-05,2,328,307,624,725,952,1034,82,2,28,21,41,43,69,66,-3
AC,16,2020-04-12,4,344,327,669,776,1013,1107,94,2,16,20,45,51,61,73,12
AC,17,2020-04-19,10,372,351,718,806,1090,1167,77,6,28,24,49,30,77,60,-17
AC,18,2020-04-26,26,398,368,768,866,1166,1260,94,16,26,17,50,60,76,93,17
AC,19,2020-05-03,43,410,392,814,909,1224,1344,120,17,12,24,46,43,58,84,26
AC,20,2020-05-10,62,430,410,864,951,1294,1423,129,19,20,18,50,42,70,79,9
AC,21,2020-05-17,96,447,438,897,1018,1344,1552,208,34,17,28,33,67,50,129,79
AC,22,2020-05-24,135,472,464,945,1073,1417,1672,255,39,25,26,48,55,73,120,47
AC,23,2020-05-31,191,492,482,982,1123,1474,1796,322,56,20,18,37,50,57,124,67
AC,24,2020-06-07,243,511,503,1024,1168,1535,1914,379,52,19,21,42,45,61,118,57
AC,25,2020-06-14,279,525,516,1058,1211,1583,2006,423,36,14,13,34,43,48,92,44
AC,26,2020-06-21,302,544,532,1107,1239,1651,2073,422,23,19,16,49,28,68,67,-1
AC,27,2020-06-28,305,564,533,1151,1241,1715,2079,364,3,20,1,44,2,64,6,-58
AC,28,2020-07-05,305,581,533,1196,1241,1777,2079,302,0,17,0,45,0,62,0,-62
AC,29,2020-07-12,305,602,533,1238,1241,1840,2079,239,0,21,0,42,0,63,0,-63
AC,30,2020-07-19,305,617,533,1274,1241,1891,2079,188,0,15,0,36,0,51,0,-51
AC,31,2020-07-26,305,638,533,1308,1241,1946,2079,133,0,21,0,34,0,55,0,-55
AC,32,2020-08-02,305,653,533,1352,1241,2005,2079,74,0,15,0,44,0,59,0,-59
AC,33,2020-08-09,305,679,533,1389,1241,2068,2079,11,0,26,0,37,0,63,0,-63
AC,34,2020-08-16,305,698,533,1437,1241,2135,2079,-56,0,19,0,48,0,67,0,-67
AC,35,2020-08-23,305,722,533,1491,1241,2213,2079,-134,0,24,0,54,0,78,0,-78
AC,36,2020-08-30,305,737,533,1531,1241,2268,2079,-189,0,15,0,40,0,55,0,-55
AC,37,2020-09-06,305,763,533,1593,1241,2356,2079,-277,0,26,0,62,0,88,0,-88
AC,38,2020-09-13,305,781,533,1633,1241,2414,2079,-335,0,18,0,40,0,58,0,-58
AC,39,2020-09-20,305,805,533,1680,1241,2485,2079,-406,0,24,0,47,0,71,0,-71
AC,40,2020-09-27,305,825,533,1721,1241,2546,2079,-467,0,20,0,41,0,61,0,-61
AC,41,2020-10-04,305,839,533,1764,1241,2603,2079,-524,0,14,0,43,0,57,0,-57
AC,42,2020-10-11,305,858,533,1802,1241,2660,2079,-581,0,19,0,38,0,57,0,-57
AC,43,2020-10-18,305,885,533,1854,1241,2739,2079,-660,0,27,0,52,0,79,0,-79
AC,44,2020-10-25,305,906,533,1900,1241,2806,2079,-727,0,21,0,46,0,67,0,-67
AC,45,2020-11-01,305,929,533,1954,1241,2883,2079,-804,0,23,0,54,0,77,0,-77
AC,46,2020-11-08,305,957,533,1994,1241,2951,2079,-872,0,28,0,40,0,68,0,-68
AC,47,2020-11-15,305,973,533,2040,1241,3013,2079,-934,0,16,0,46,0,62,0,-62
AC,48,2020-11-22,305,997,533,2085,1241,3082,2079,-1003,0,24,0,45,0,69,0,-69
AC,49,2020-11-29,305,1015,533,2138,1241,3153,2079,-1074,0,18,0,53,0,71,0,-71
AC,50,2020-12-06,305,1041,533,2189,1241,3230,2079,-1151,0,26,0,51,0,77,0,-77
AC,51,2020-12-13,305,1063,533,2232,1241,3295,2079,-1216,0,22,0,43,0,65,0,-65
AC,52,2020-12-20,305,1081,533,2282,1241,3363,2079,-1284,0,18,0,50,0,68,0,-68
AC,53,2020-12-27,305,1097,533,2320,1241,3417,2079,-1338,0,16,0,38,0,54,0,-54
AL,1,2020-01-01,0,47,41,127,141,174,182,8,0,47,41,127,141,174,182,8
AL,2,2020-01-05,0,119,118,303,415,422,533,111,0,72,77,176,274,248,351,103
AL,3,2020-01-12,0,191,213,504,643,695,856,161,0,72,95,201,228,273,323,50
AL,4,2020-01-19,0,251,286,716,873,967,1159,192,0,60,73,212,230,272,303,31
AL,5,2020-01-26,0,307,372,924,1105,1231,1477,246,0,56,86,208,232,264,318,54
AL,6,2020-02-02,0,375,448,1148,1330,1523,1778,255,0,68,76,224,225,292,301,9
AL,7,2020-02-09,0,457,525,1338,1560,1795,2085,290,0,82,77,190,230,272,307,35
AL,8,2020-02-16,0,532,597,1540,1789,2072,2386,314,0,75,72,202,229,277,301,24
AL,9,2020-02-23,0,606,682,1702,2080,2308,2762,454,0,74,85,162,291,236,376,140
AL,10,2020-03-01,0,696,761,1905,2330,2601,3091,490,0,90,79,203,250,293,329,36
AL,11,2020-03-08,0,771,842,2132,2578,2903,3420,517,0,75,81,227,248,302,329,27
AL,12,2020-03-15,0,834,907,2355,2779,3189,3686,497,0,63,65,223,201,286,266,-20
AL,13,2020-03-22,1,929,990,2577,2976,3506,3967,461,1,95,83,222,197,317,281,-36
AL,14,2020-03-29,4,1015,1054,2800,3245,3815,4303,488,3,86,64,223,269,309,336,27
AL,15,2020-04-05,9,1105,1127,3007,3506,4112,4642,530,5,90,73,207,261,297,339,42
AL,16,2020-04-12,17,1181,1190,3207,3745,4388,4952,564,8,76,63,200,239,276,310,34
AL,17,2020-04-19,31,1293,1243,3435,3976,4728,5250,522,14,112,53,228,231,340,298,-42
AL,18,2020-04-26,63,1375,1318,3685,4240,5060,5621,561,32,82,75,250,264,332,371,39
AL,19,2020-05-03,125,1462,1406,3958,4510,5420,6041,621,62,87,88,273,270,360,420,60
AL,20,2020-05-10,247,1571,1513,4202,4809,5773,6569,796,122,109,107,244,299,353,528,175
AL,21,2020-05-17,378,1658,1627,4459,5136,6117,7141,1024,131,87,114,257,327,344,572,228
AL,22,2020-05-24,563,1768,1743,4688,5448,6456,7754,1298,185,110,116,229,312,339,613,274
AL,23,2020-05-31,775,1844,1843,4908,5739,6752,8357,1605,212,76,100,220,291,296,603,307
AL,24,2020-06-07,917,1915,1933,5151,6016,7066,8866,1800,142,71,90,243,277,314,509,195
AL,25,2020-06-14,1035,2005,1980,5387,6229,7392,9244,1852,118,90,47,236,213,326,378,52
AL,26,2020-06-21,1107,2094,2018,5644,6342,7738,9467,1729,72,89,38,257,113,346,223,-123
AL,27,2020-06-28,1110,2183,2022,5903,6351,8086,9483,1397,3,89,4,259,9,348,16,-332
AL,28,2020-07-05,1110,2266,2022,6157,6351,8423,9483,1060,0,83,0,254,0,337,0,-337
AL,29,2020-07-12,1110,2349,2022,6396,6351,8745,9483,738,0,83,0,239,0,322,0,-322
AL,30,2020-07-19,1110,2410,2022,6624,6351,9034,9483,449,0,61,0,228,0,289,0,-289
AL,31,2020-07-26,1110,2485,2022,6868,6351,9353,9483,130,0,75,0,244,0,319,0,-319
AL,32,2020-08-02,1110,2564,2022,7128,6351,9692,9483,-209,0,79,0,260,0,339,0,-339
AL,33,2020-08-09,1110,2671,2022,7395,6351,10066,9483,-583,0,107,0,267,0,374,0,-374
AL,34,2020-08-16,1110,2753,2022,7679,6351,10432,9483,-949,0,82,0,284,0,366,0,-366
AL,35,2020-08-23,1110,2854,2022,7915,6351,10769,9483,-1286,0,101,0,236,0,337,0,-337
AL,36,2020-08-30,1110,2939,2022,8168,6351,11107,9483,-1624,0,85,0,253,0,338,0,-338
AL,37,2020-09-06,1110,3004,2022,8384,6351,11388,9483,-1905,0,65,0,216,0,281,0,-281
AL,38,2020-09-13,1110,3086,2022,8624,6351,11710,9483,-2227,0,82,0,240,0,322,0,-322
AL,39,2020-09-20,1110,3160,2022,8876,6351,12036,9483,-2553,0,74,0,252,0,326,0,-326
AL,40,2020-09-27,1110,3244,2022,9102,6351,12346,9483,-2863,0,84,0,226,0,310,0,-310
AL,41,2020-10-04,1110,3337,2022,9313,6351,12650,9483,-3167,0,93,0,211,0,304,0,-304
AL,42,2020-10-11,1110,3431,2022,9532,6351,12963,9483,-3480,0,94,0,219,0,313,0,-313
AL,43,2020-10-18,1110,3508,2022,9759,6351,13267,9483,-3784,0,77,0,227,0,304,0,-304
AL,44,2020-10-25,1110,3575,2022,9995,6351,13570,9483,-4087,0,67,0,236,0,303,0,-303
AL,45,2020-11-01,1110,3654,2022,10248,6351,13902,9483,-4419,0,79,0,253,0,332,0,-332
AL,46,2020-11-08,1110,3722,2022,10491,6351,14213,9483,-4730,0,68,0,243,0,311,0,-311
AL,47,2020-11-15,1110,3800,2022,10714,6351,14514,9483,-5031,0,78,0,223,0,301,0,-301
AL,48,2020-11-22,1110,3866,2022,10937,6351,14803,9483,-5320,0,66,0,223,0,289,0,-289
AL,49,2020-11-29,1110,3948,2022,11169,6351,15117,9483,-5634,0,82,0,232,0,314,0,-314
AL,50,2020-12-06,1110,4030,2022,11410,6351,15440,9483,-5957,0,82,0,241,0,323,0,-323
AL,51,2020-12-13,1110,4100,2022,11625,6351,15725,9483,-6242,0,70,0,215,0,285,0,-285
AL,52,2020-12-20,1110,4188,2022,11825,6351,16013,9483,-6530,0,88,0,200,0,288,0,-288
AL,53,2020-12-27,1110,4223,2022,11984,6351,16207,9483,-6724,0,35,0,159,0,194,0,-194
AM,1,2020-01-01,0,25,32,120,107,145,139,-6,0,25,32,120,107,145,139,-6
AM,2,2020-01-05,0,75,99,300,297,375,396,21,0,50,67,180,190,230,257,27
AM,3,2020-01-12,0,119,150,484,490,603,640,37,0,44,51,184,193,228,244,16
AM,4,2020-01-19,0,152,217,683,687,835,904,69,0,33,67,199,197,232,264,32
AM,5,2020-01-26,0,208,275,861,868,1069,1143,74,0,56,58,178,181,234,239,5
AM,6,2020-02-02,0,253,334,1047,1066,1300,1400,100,0,45,59,186,198,231,257,26
AM,7,2020-02-09,0,320,393,1232,1276,1552,1669,117,0,67,59,185,210,252,269,17
AM,8,2020-02-16,0,390,448,1448,1453,1838,1901,63,0,70,55,216,177,286,232,-54
AM,9,2020-02-23,0,452,504,1619,1632,2071,2136,65,0,62,56,171,179,233,235,2
AM,10,2020-03-01,0,521,554,1855,1821,2376,2375,-1,0,69,50,236,189,305,239,-66
AM,11,2020-03-08,0,595,605,2048,2035,2643,2640,-3,0,74,51,193,214,267,265,-2
AM,12,2020-03-15,0,654,664,2226,2225,2880,2889,9,0,59,59,178,190,237,249,12
AM,13,2020-03-22,1,711,714,2403,2420,3114,3135,21,1,57,50,177,195,234,246,12
AM,14,2020-03-29,10,768,796,2593,2618,3361,3424,63,9,57,82,190,198,247,289,42
AM,15,2020-04-05,59,828,933,2792,2850,3620,3842,222,49,60,137,199,232,259,418,159
AM,16,2020-04-12,151,896,1196,2971,3217,3867,4564,697,92,68,263,179,367,247,722,475
AM,17,2020-04-19,312,954,1613,3160,3682,4114,5607,1493,161,58,417,189,465,247,1043,796
AM,18,2020-04-26,556,1020,1962,3337,4100,4357,6618,2261,244,66,349,177,418,243,1011,768
AM,19,2020-05-03,768,1083,2203,3537,4411,4620,7382,2762,212,63,241,200,311,263,764,501
AM,20,2020-05-10,967,1135,2343,3704,4632,4839,7942,3103,199,52,140,167,221,219,560,341
AM,21,2020-05-17,1125,1196,2438,3881,4815,5077,8378,3301,158,61,95,177,183,238,436,198
AM,22,2020-05-24,1272,1248,2519,4082,4971,5330,8762,3432,147,52,81,201,156,253,384,131
AM,23,2020-05-31,1379,1304,2580,4275,5109,5579,9068,3489,107,56,61,193,138,249,306,57
AM,24,2020-06-07,1441,1350,2622,4479,5269,5829,9332,3503,62,46,42,204,160,250,264,14
AM,25,2020-06-14,1480,1396,2653,4685,5402,6081,9535,3454,39,46,31,206,133,252,203,-49
AM,26,2020-06-21,1512,1454,2682,4891,5475,6345,9669,3324,32,58,29,206,73,264,134,-130
AM,27,2020-06-28,1512,1512,2683,5114,5475,6626,9670,3044,0,58,1,223,0,281,1,-280
AM,28,2020-07-05,1512,1569,2683,5293,5475,6862,9670,2808,0,57,0,179,0,236,0,-236
AM,29,2020-07-12,1512,1625,2683,5496,5475,7121,9670,2549,0,56,0,203,0,259,0,-259
AM,30,2020-07-19,1512,1669,2683,5693,5475,7362,9670,2308,0,44,0,197,0,241,0,-241
AM,31,2020-07-26,1512,1729,2683,5880,5475,7609,9670,2061,0,60,0,187,0,247,0,-247
AM,32,2020-08-02,1512,1775,2683,6066,5475,7841,9670,1829,0,46,0,186,0,232,0,-232
AM,33,2020-08-09,1512,1834,2683,6254,5475,8088,9670,1582,0,59,0,188,0,247,0,-247
AM,34,2020-08-16,1512,1899,2683,6455,5475,8354,9670,1316,0,65,0,201,0,266,0,-266
AM,35,2020-08-23,1512,1959,2683,6650,5475,8609,9670,1061,0,60,0,195,0,255,0,-255
AM,36,2020-08-30,1512,2026,2683,6836,5475,8862,9670,808,0,67,0,186,0,253,0,-253
AM,37,2020-09-06,1512,2077,2683,7051,5475,9128,9670,542,0,51,0,215,0,266,0,-266
AM,38,2020-09-13,1512,2136,2683,7257,5475,9393,9670,277,0,59,0,206,0,265,0,-265
AM,39,2020-09-20,1512,2191,2683,7442,5475,9633,9670,37,0,55,0,185,0,240,0,-240
AM,40,2020-09-27,1512,2250,2683,7634,5475,9884,9670,-214,0,59,0,192,0,251,0,-251
AM,41,2020-10-04,1512,2300,2683,7802,5475,10102,9670,-432,0,50,0,168,0,218,0,-218
AM,42,2020-10-11,1512,2353,2683,7993,5475,10346,9670,-676,0,53,0,191,0,244,0,-244
AM,43,2020-10-18,1512,2402,2683,8180,5475,10582,9670,-912,0,49,0,187,0,236,0,-236
AM,44,2020-10-25,1512,2451,2683,8390,5475,10841,9670,-1171,0,49,0,210,0,259,0,-259
AM,45,2020-11-01,1512,2490,2683,8587,5475,11077,9670,-1407,0,39,0,197,0,236,0,-236
AM,46,2020-11-08,1512,2533,2683,8736,5475,11269,9670,-1599,0,43,0,149,0,192,0,-192
AM,47,2020-11-15,1512,2585,2683,8883,5475,11468,9670,-1798,0,52,0,147,0,199,0,-199
AM,48,2020-11-22,1512,2641,2683,9076,5475,11717,9670,-2047,0,56,0,193,0,249,0,-249
AM,49,2020-11-29,1512,2687,2683,9252,5475,11939,9670,-2269,0,46,0,176,0,222,0,-222
AM,50,2020-12-06,1512,2746,2683,9454,5475,12200,9670,-2530,0,59,0,202,0,261,0,-261
AM,51,2020-12-13,1512,2789,2683,9618,5475,12407,9670,-2737,0,43,0,164,0,207,0,-207
AM,52,2020-12-20,1512,2852,2683,9824,5475,12676,9670,-3006,0,63,0,206,0,269,0,-269
AM,53,2020-12-27,1512,2900,2683,9959,5475,12859,9670,-3189,0,48,0,135,0,183,0,-183
AP,1,2020-01-01,0,5,9,25,20,30,29,-1,0,5,9,25,20,30,29,-1
AP,2,2020-01-05,0,10,20,55,51,65,71,6,0,5,11,30,31,35,42,7
AP,3,2020-01-12,0,21,29,84,76,105,105,0,0,11,9,29,25,40,34,-6
AP,4,2020-01-19,0,29,42,125,108,154,150,-4,0,8,13,41,32,49,45,-4
AP,5,2020-01-26,0,41,53,157,142,198,195,-3,0,12,11,32,34,44,45,1
AP,6,2020-02-02,0,60,64,172,175,232,239,7,0,19,11,15,33,34,44,10
AP,7,2020-02-09,0,79,82,211,201,290,283,-7,0,19,18,39,26,58,44,-14
AP,8,2020-02-16,0,97,96,234,231,331,327,-4,0,18,14,23,30,41,44,3
AP,9,2020-02-23,0,104,107,267,265,371,372,1,0,7,11,33,34,40,45,5
AP,10,2020-03-01,0,119,114,302,294,421,408,-13,0,15,7,35,29,50,36,-14
AP,11,2020-03-08,0,128,114,339,312,467,426,-41,0,9,0,37,18,46,18,-28
AP,12,2020-03-15,0,144,122,381,332,525,454,-71,0,16,8,42,20,58,28,-30
AP,13,2020-03-22,0,168,131,422,345,590,476,-114,0,24,9,41,13,65,22,-43
AP,14,2020-03-29,0,185,133,462,367,647,500,-147,0,17,2,40,22,57,24,-33
AP,15,2020-04-05,1,208,151,495,392,703,544,-159,1,23,18,33,25,56,44,-12
AP,16,2020-04-12,4,222,162,530,416,752,582,-170,3,14,11,35,24,49,38,-11
AP,17,2020-04-19,11,247,172,562,433,809,616,-193,7,25,10,32,17,57,34,-23
AP,18,2020-04-26,36,258,189,602,449,860,674,-186,25,11,17,40,16,51,58,7
AP,19,2020-05-03,73,275,204,631,470,906,747,-159,37,17,15,29,21,46,73,27
AP,20,2020-05-10,130,291,224,673,492,964,846,-118,57,16,20,42,22,58,99,41
AP,21,2020-05-17,195,311,237,716,520,1027,952,-75,65,20,13,43,28,63,106,43
AP,22,2020-05-24,247,326,248,754,544,1080,1039,-41,52,15,11,38,24,53,87,34
AP,23,2020-05-31,293,335,256,789,555,1124,1104,-20,46,9,8,35,11,44,65,21
AP,24,2020-06-07,308,351,259,835,571,1186,1138,-48,15,16,3,46,16,62,34,-28
AP,25,2020-06-14,323,369,264,877,578,1246,1165,-81,15,18,5,42,7,60,27,-33
AP,26,2020-06-21,324,382,265,908,579,1290,1168,-122,1,13,1,31,1,44,3,-41
AP,27,2020-06-28,325,392,265,945,579,1337,1169,-168,1,10,0,37,0,47,1,-46
AP,28,2020-07-05,325,412,265,977,579,1389,1169,-220,0,20,0,32,0,52,0,-52
AP,29,2020-07-12,325,424,265,1008,579,1432,1169,-263,0,12,0,31,0,43,0,-43
AP,30,2020-07-19,325,439,265,1037,579,1476,1169,-307,0,15,0,29,0,44,0,-44
AP,31,2020-07-26,325,453,265,1065,579,1518,1169,-349,0,14,0,28,0,42,0,-42
AP,32,2020-08-02,325,471,265,1086,579,1557,1169,-388,0,18,0,21,0,39,0,-39
AP,33,2020-08-09,325,481,265,1118,579,1599,1169,-430,0,10,0,32,0,42,0,-42
AP,34,2020-08-16,325,491,265,1144,579,1635,1169,-466,0,10,0,26,0,36,0,-36
AP,35,2020-08-23,325,501,265,1184,579,1685,1169,-516,0,10,0,40,0,50,0,-50
AP,36,2020-08-30,325,512,265,1215,579,1727,1169,-558,0,11,0,31,0,42,0,-42
AP,37,2020-09-06,325,523,265,1244,579,1767,1169,-598,0,11,0,29,0,40,0,-40
AP,38,2020-09-13,325,532,265,1272,579,1804,1169,-635,0,9,0,28,0,37,0,-37
AP,39,2020-09-20,325,554,265,1302,579,1856,1169,-687,0,22,0,30,0,52,0,-52
AP,40,2020-09-27,325,566,265,1327,579,1893,1169,-724,0,12,0,25,0,37,0,-37
AP,41,2020-10-04,325,571,265,1358,579,1929,1169,-760,0,5,0,31,0,36,0,-36
AP,42,2020-10-11,325,586,265,1385,579,1971,1169,-802,0,15,0,27,0,42,0,-42
AP,43,2020-10-18,325,600,265,1419,579,2019,1169,-850,0,14,0,34,0,48,0,-48
AP,44,2020-10-25,325,614,265,1455,579,2069,1169,-900,0,14,0,36,0,50,0,-50
AP,45,2020-11-01,325,628,265,1492,579,2120,1169,-951,0,14,0,37,0,51,0,-51
AP,46,2020-11-08,325,636,265,1526,579,2162,1169,-993,0,8,0,34,0,42,0,-42
AP,47,2020-11-16,325,645,265,1552,579,2197,1169,-1028,0,9,0,26,0,35,0,-35
AP,48,2020-11-22,325,663,265,1575,579,2238,1169,-1069,0,18,0,23,0,41,0,-41
AP,49,2020-11-29,325,677,265,1599,579,2276,1169,-1107,0,14,0,24,0,38,0,-38
AP,50,2020-12-06,325,682,265,1627,579,2309,1169,-1140,0,5,0,28,0,33,0,-33
AP,51,2020-12-13,325,695,265,1655,579,2350,1169,-1181,0,13,0,28,0,41,0,-41
AP,52,2020-12-20,325,715,265,1685,579,2400,1169,-1231,0,20,0,30,0,50,0,-50
AP,53,2020-12-27,325,727,265,1699,579,2426,1169,-1257,0,12,0,14,0,26,0,-26
BA,1,2020-01-01,0,135,126,473,483,608,609,1,0,135,126,473,483,608,609,1
BA,2,2020-01-05,0,369,379,1275,1358,1644,1737,93,0,234,253,802,875,1036,1128,92
BA,3,2020-01-12,0,603,622,2102,2225,2705,2847,142,0,234,243,827,867,1061,1110,49
BA,4,2020-01-19,0,827,846,2924,3072,3751,3918,167,0,224,224,822,847,1046,1071,25
BA,5,2020-01-26,0,1068,1063,3680,3873,4748,4936,188,0,241,217,756,801,997,1018,21
BA,6,2020-02-02,0,1306,1275,4550,4701,5856,5976,120,0,238,212,870,828,1108,1040,-68
BA,7,2020-02-09,0,1580,1502,5419,5474,6999,6976,-23,0,274,227,869,773,1143,1000,-143
BA,8,2020-02-16,0,1828,1714,6264,6297,8092,8011,-81,0,248,212,845,823,1093,1035,-58
BA,9,2020-02-23,0,2029,1975,6972,7097,9001,9072,71,0,201,261,708,800,909,1061,152
BA,10,2020-03-01,0,2251,2240,7815,7939,10066,10179,113,0,222,265,843,842,1065,1107,42
BA,11,2020-03-08,1,2464,2485,8621,8685,11085,11171,86,1,213,245,806,746,1019,992,-27
BA,12,2020-03-15,2,2720,2723,9488,9463,12208,12188,-20,1,256,238,867,778,1123,1017,-106
BA,13,2020-03-22,6,2952,2967,10336,10260,13288,13233,-55,4,232,244,848,797,1080,1045,-35
BA,14,2020-03-29,14,3192,3203,11150,11120,14342,14337,-5,8,240,236,814,860,1054,1104,50
BA,15,2020-04-05,20,3413,3425,11981,11975,15394,15420,26,6,221,222,831,855,1052,1083,31
BA,16,2020-04-12,36,3653,3656,12803,12804,16456,16496,40,16,240,231,822,829,1062,1076,14
BA,17,2020-04-19,78,3884,3879,13648,13646,17532,17603,71,42,231,223,845,842,1076,1107,31
BA,18,2020-04-26,125,4121,4067,14491,14515,18612,18707,95,47,237,188,843,869,1080,1104,24
BA,19,2020-05-03,218,4395,4288,15318,15376,19713,19882,169,93,274,221,827,861,1101,1175,74
BA,20,2020-05-10,340,4643,4465,16212,16182,20855,20987,132,122,248,177,894,806,1142,1105,-37
BA,21,2020-05-17,520,4955,4684,17105,16940,22060,22144,84,180,312,219,893,758,1205,1157,-48
BA,22,2020-05-24,742,5260,4894,17974,17622,23234,23258,24,222,305,210,869,682,1174,1114,-60
BA,23,2020-05-31,987,5548,5079,18895,18404,24443,24470,27,245,288,185,921,782,1209,1212,3
BA,24,2020-06-07,1263,5859,5264,19794,19137,25653,25664,11,276,311,185,899,733,1210,1194,-16
BA,25,2020-06-14,1525,6144,5436,20682,19723,26826,26684,-142,262,285,172,888,586,1173,1020,-153
BA,26,2020-06-21,1705,6425,5543,21682,20115,28107,27363,-744,180,281,107,1000,392,1281,679,-602
BA,27,2020-06-28,1729,6678,5555,22587,20148,29265,27432,-1833,24,253,12,905,33,1158,69,-1089
BA,28,2020-07-05,1729,6970,5555,23579,20148,30549,27432,-3117,0,292,0,992,0,1284,0,-1284
BA,29,2020-07-12,1729,7266,5555,24484,20148,31750,27432,-4318,0,296,0,905,0,1201,0,-1201
BA,30,2020-07-19,1729,7550,5555,25451,20148,33001,27432,-5569,0,284,0,967,0,1251,0,-1251
BA,31,2020-07-26,1729,7826,5555,26378,20148,34204,27432,-6772,0,276,0,927,0,1203,0,-1203
BA,32,2020-08-02,1729,8088,5555,27330,20148,35418,27432,-7986,0,262,0,952,0,1214,0,-1214
BA,33,2020-08-09,1729,8306,5555,28217,20148,36523,27432,-9091,0,218,0,887,0,1105,0,-1105
BA,34,2020-08-16,1729,8568,5555,29133,20148,37701,27432,-10269,0,262,0,916,0,1178,0,-1178
BA,35,2020-08-23,1729,8813,5555,29930,20148,38743,27432,-11311,0,245,0,797,0,1042,0,-1042
BA,36,2020-08-30,1729,9074,5555,30798,20148,39872,27432,-12440,0,261,0,868,0,1129,0,-1129
BA,37,2020-09-06,1729,9311,5555,31617,20148,40928,27432,-13496,0,237,0,819,0,1056,0,-1056
BA,38,2020-09-13,1729,9554,5555,32490,20148,42044,27432,-14612,0,243,0,873,0,1116,0,-1116
BA,39,2020-09-20,1729,9799,5555,33399,20148,43198,27432,-15766,0,245,0,909,0,1154,0,-1154
BA,40,2020-09-27,1729,10095,5555,34272,20148,44367,27432,-16935,0,296,0,873,0,1169,0,-1169
BA,41,2020-10-04,1729,10358,5555,35146,20148,45504,27432,-18072,0,263,0,874,0,1137,0,-1137
BA,42,2020-10-11,1729,10605,5555,36064,20148,46669,27432,-19237,0,247,0,918,0,1165,0,-1165
BA,43,2020-10-18,1729,10867,5555,36944,20148,47811,27432,-20379,0,262,0,880,0,1142,0,-1142
BA,44,2020-10-25,1729,11081,5555,37800,20148,48881,27432,-21449,0,214,0,856,0,1070,0,-1070
BA,45,2020-11-01,1729,11334,5555,38621,20148,49955,27432,-22523,0,253,0,821,0,1074,0,-1074
BA,46,2020-11-08,1729,11582,5555,39463,20148,51045,27432,-23613,0,248,0,842,0,1090,0,-1090
BA,47,2020-11-15,1729,11836,5555,40303,20148,52139,27432,-24707,0,254,0,840,0,1094,0,-1094
BA,48,2020-11-22,1729,12106,5555,41202,20148,53308,27432,-25876,0,270,0,899,0,1169,0,-1169
BA,49,2020-11-29,1729,12364,5555,42065,20148,54429,27432,-26997,0,258,0,863,0,1121,0,-1121
BA,50,2020-12-06,1729,12603,5555,42903,20148,55506,27432,-28074,0,239,0,838,0,1077,0,-1077
BA,51,2020-12-13,1729,12817,5555,43746,20148,56563,27432,-29131,0,214,0,843,0,1057,0,-1057
BA,52,2020-12-20,1729,13080,5555,44582,20148,57662,27432,-30230,0,263,0,836,0,1099,0,-1099
BA,53,2020-12-27,1729,13251,5555,45169,20148,58420,27432,-30988,0,171,0,587,0,758,0,-758
CE,1,2020-01-01,0,87,104,359,326,446,430,-16,0,87,104,359,326,446,430,-16
CE,2,2020-01-05,0,258,280,885,855,1143,1135,-8,0,171,176,526,529,697,705,8
CE,3,2020-01-12,0,406,454,1373,1378,1779,1832,53,0,148,174,488,523,636,697,61
CE,4,2020-01-19,0,585,638,1946,1899,2531,2537,6,0,179,184,573,521,752,705,-47
CE,5,2020-01-26,0,755,825,2479,2450,3234,3275,41,0,170,187,533,551,703,738,35
CE,6,2020-02-02,0,919,991,3006,3000,3925,3991,66,0,164,166,527,550,691,716,25
CE,7,2020-02-09,0,1084,1181,3546,3581,4630,4762,132,0,165,190,540,581,705,771,66
CE,8,2020-02-16,0,1295,1372,4016,4119,5311,5491,180,0,211,191,470,538,681,729,48
CE,9,2020-02-23,0,1457,1606,4480,4725,5937,6331,394,0,162,234,464,606,626,840,214
CE,10,2020-03-01,1,1660,1822,5045,5291,6705,7114,409,1,203,216,565,566,768,783,15
CE,11,2020-03-08,1,1868,2050,5648,5842,7516,7893,377,0,208,228,603,551,811,779,-32
CE,12,2020-03-15,5,2083,2266,6205,6410,8288,8681,393,4,215,216,557,568,772,788,16
CE,13,2020-03-22,27,2298,2474,6758,7017,9056,9518,462,22,215,208,553,607,768,837,69
CE,14,2020-03-29,76,2534,2681,7305,7583,9839,10340,501,49,236,207,547,566,783,822,39
CE,15,2020-04-05,157,2793,2908,7876,8184,10669,11249,580,81,259,227,571,601,830,909,79
CE,16,2020-04-12,298,3027,3125,8454,8762,11481,12185,704,141,234,217,578,578,812,936,124
CE,17,2020-04-19,560,3330,3351,9057,9399,12387,13310,923,262,303,226,603,637,906,1125,219
CE,18,2020-04-26,1060,3610,3591,9650,10137,13260,14788,1528,500,280,240,593,738,873,1478,605
CE,19,2020-05-03,1930,3873,3862,10220,10919,14093,16711,2618,870,263,271,570,782,833,1923,1090
CE,20,2020-05-10,2895,4111,4125,10831,11627,14942,18647,3705,965,238,263,611,708,849,1936,1087
CE,21,2020-05-17,3781,4347,4355,11410,12351,15757,20487,4730,886,236,230,579,724,815,1840,1025
CE,22,2020-05-24,4427,4564,4500,11948,12957,16512,21884,5372,646,217,145,538,606,755,1397,642
CE,23,2020-05-31,4913,4768,4639,12556,13461,17324,23013,5689,486,204,139,608,504,812,1129,317
CE,24,2020-06-07,5244,4967,4760,13120,13950,18087,23954,5867,331,199,121,564,489,763,941,178
CE,25,2020-06-14,5486,5149,4851,13635,14316,18784,24653,5869,242,182,91,515,366,697,699,2
CE,26,2020-06-21,5600,5358,4906,14170,14476,19528,24982,5454,114,209,55,535,160,744,329,-415
CE,27,2020-06-28,5600,5575,4908,14725,14479,20300,24987,4687,0,217,2,555,3,772,5,-767
CE,28,2020-07-05,5600,5791,4908,15251,14479,21042,24987,3945,0,216,0,526,0,742,0,-742
CE,29,2020-07-12,5600,5959,4908,15749,14479,21708,24987,3279,0,168,0,498,0,666,0,-666
CE,30,2020-07-19,5600,6177,4908,16272,14479,22449,24987,2538,0,218,0,523,0,741,0,-741
CE,31,2020-07-26,5600,6352,4908,16849,14479,23201,24987,1786,0,175,0,577,0,752,0,-752
CE,32,2020-08-02,5600,6535,4908,17327,14479,23862,24987,1125,0,183,0,478,0,661,0,-661
CE,33,2020-08-09,5600,6694,4908,17818,14479,24512,24987,475,0,159,0,491,0,650,0,-650
CE,34,2020-08-16,5600,6810,4908,18226,14479,25036,24987,-49,0,116,0,408,0,524,0,-524
CE,35,2020-08-23,5600,6990,4908,18701,14479,25691,24987,-704,0,180,0,475,0,655,0,-655
CE,36,2020-08-30,5600,7165,4908,19222,14479,26387,24987,-1400,0,175,0,521,0,696,0,-696
CE,37,2020-09-06,5600,7339,4908,19738,14479,27077,24987,-2090,0,174,0,516,0,690,0,-690
CE,38,2020-09-13,5600,7512,4908,20234,14479,27746,24987,-2759,0,173,0,496,0,669,0,-669
CE,39,2020-09-20,5600,7689,4908,20719,14479,28408,24987,-3421,0,177,0,485,0,662,0,-662
CE,40,2020-09-27,5600,7858,4908,21247,14479,29105,24987,-4118,0,169,0,528,0,697,0,-697
CE,41,2020-10-04,5600,8029,4908,21803,14479,29832,24987,-4845,0,171,0,556,0,727,0,-727
CE,42,2020-10-11,5600,8204,4908,22350,14479,30554,24987,-5567,0,175,0,547,0,722,0,-722
CE,43,2020-10-18,5600,8384,4908,22857,14479,31241,24987,-6254,0,180,0,507,0,687,0,-687
CE,44,2020-10-25,5600,8569,4908,23394,14479,31963,24987,-6976,0,185,0,537,0,722,0,-722
CE,45,2020-11-01,5600,8742,4908,23954,14479,32696,24987,-7709,0,173,0,560,0,733,0,-733
CE,46,2020-11-08,5600,8943,4908,24469,14479,33412,24987,-8425,0,201,0,515,0,716,0,-716
CE,47,2020-11-15,5600,9111,4908,25048,14479,34159,24987,-9172,0,168,0,579,0,747,0,-747
CE,48,2020-11-22,5600,9278,4908,25596,14479,34874,24987,-9887,0,167,0,548,0,715,0,-715
CE,49,2020-11-29,5600,9467,4908,26151,14479,35618,24987,-10631,0,189,0,555,0,744,0,-744
CE,50,2020-12-06,5600,9655,4908,26672,14479,36327,24987,-11340,0,188,0,521,0,709,0,-709
CE,51,2020-12-13,5600,9839,4908,27234,14479,37073,24987,-12086,0,184,0,562,0,746,0,-746
CE,52,2020-12-20,5600,10014,4908,27763,14479,37777,24987,-12790,0,175,0,529,0,704,0,-704
CE,53,2020-12-27,5600,10142,4908,28168,14479,38310,24987,-13323,0,128,0,405,0,533,0,-533
DF,1,2020-01-01,0,44,54,115,103,159,157,-2,0,44,54,115,103,159,157,-2
DF,2,2020-01-05,0,126,143,286,271,412,414,2,0,82,89,171,168,253,257,4
DF,3,2020-01-12,0,207,224,462,447,669,671,2,0,81,81,176,176,257,257,0
DF,4,2020-01-19,0,282,308,634,653,916,961,45,0,75,84,172,206,247,290,43
DF,5,2020-01-26,0,361,398,786,840,1147,1238,91,0,79,90,152,187,231,277,46
DF,6,2020-02-02,0,428,470,958,1019,1386,1489,103,0,67,72,172,179,239,251,12
DF,7,2020-02-09,0,504,545,1130,1182,1634,1727,93,0,76,75,172,163,248,238,-10
DF,8,2020-02-16,0,580,623,1305,1341,1885,1964,79,0,76,78,175,159,251,237,-14
DF,9,2020-02-23,0,635,700,1441,1525,2076,2225,149,0,55,77,136,184,191,261,70
DF,10,2020-03-01,0,715,771,1626,1711,2341,2482,141,0,80,71,185,186,265,257,-8
DF,11,2020-03-08,0,782,845,1809,1939,2591,2784,193,0,67,74,183,228,250,302,52
DF,12,2020-03-15,0,868,939,1990,2137,2858,3076,218,0,86,94,181,198,267,292,25
DF,13,2020-03-22,5,933,1033,2179,2299,3112,3337,225,5,65,94,189,162,254,261,7
DF,14,2020-03-29,23,1007,1119,2363,2492,3370,3634,264,18,74,86,184,193,258,297,39
DF,15,2020-04-05,30,1081,1200,2553,2691,3634,3921,287,7,74,81,190,199,264,287,23
DF,16,2020-04-12,44,1158,1271,2727,2861,3885,4176,291,14,77,71,174,170,251,255,4
DF,17,2020-04-19,52,1248,1324,2918,3041,4166,4417,251,8,90,53,191,180,281,241,-40
DF,18,2020-04-26,66,1344,1382,3125,3230,4469,4678,209,14,96,58,207,189,303,261,-42
DF,19,2020-05-03,81,1440,1449,3278,3394,4718,4924,206,15,96,67,153,164,249,246,-3
DF,20,2020-05-10,106,1540,1520,3466,3569,5006,5195,189,25,100,71,188,175,288,271,-17
DF,21,2020-05-17,157,1628,1594,3621,3719,5249,5470,221,51,88,74,155,150,243,275,32
DF,22,2020-05-24,238,1723,1657,3793,3885,5516,5780,264,81,95,63,172,166,267,310,43
DF,23,2020-05-31,330,1819,1728,3947,4064,5766,6122,356,92,96,71,154,179,250,342,92
DF,24,2020-06-07,436,1924,1795,4126,4256,6050,6487,437,106,105,67,179,192,284,365,81
DF,25,2020-06-14,566,2032,1874,4323,4424,6355,6864,509,130,108,79,197,168,305,377,72
DF,26,2020-06-21,667,2129,1948,4480,4561,6609,7176,567,101,97,74,157,137,254,312,58
DF,27,2020-06-28,686,2226,1952,4664,4568,6890,7206,316,19,97,4,184,7,281,30,-251
DF,28,2020-07-05,686,2308,1952,4847,4568,7155,7206,51,0,82,0,183,0,265,0,-265
DF,29,2020-07-12,686,2387,1952,5069,4568,7456,7206,-250,0,79,0,222,0,301,0,-301
DF,30,2020-07-19,686,2456,1952,5303,4568,7759,7206,-553,0,69,0,234,0,303,0,-303
DF,31,2020-07-26,686,2535,1952,5490,4568,8025,7206,-819,0,79,0,187,0,266,0,-266
DF,32,2020-08-02,686,2630,1952,5680,4568,8310,7206,-1104,0,95,0,190,0,285,0,-285
DF,33,2020-08-09,686,2714,1952,5867,4568,8581,7206,-1375,0,84,0,187,0,271,0,-271
DF,34,2020-08-16,686,2822,1952,6066,4568,8888,7206,-1682,0,108,0,199,0,307,0,-307
DF,35,2020-08-23,686,2908,1952,6243,4568,9151,7206,-1945,0,86,0,177,0,263,0,-263
DF,36,2020-08-30,686,3018,1952,6438,4568,9456,7206,-2250,0,110,0,195,0,305,0,-305
DF,37,2020-09-06,686,3101,1952,6636,4568,9737,7206,-2531,0,83,0,198,0,281,0,-281
DF,38,2020-09-13,686,3188,1952,6816,4568,10004,7206,-2798,0,87,0,180,0,267,0,-267
DF,39,2020-09-20,686,3289,1952,7037,4568,10326,7206,-3120,0,101,0,221,0,322,0,-322
DF,40,2020-09-27,686,3369,1952,7219,4568,10588,7206,-3382,0,80,0,182,0,262,0,-262
DF,41,2020-10-04,686,3441,1952,7417,4568,10858,7206,-3652,0,72,0,198,0,270,0,-270
DF,42,2020-10-11,686,3530,1952,7628,4568,11158,7206,-3952,0,89,0,211,0,300,0,-300
DF,43,2020-10-18,686,3617,1952,7842,4568,11459,7206,-4253,0,87,0,214,0,301,0,-301
DF,44,2020-10-25,686,3687,1952,8016,4568,11703,7206,-4497,0,70,0,174,0,244,0,-244
DF,45,2020-11-01,686,3779,1952,8198,4568,11977,7206,-4771,0,92,0,182,0,274,0,-274
DF,46,2020-11-08,686,3885,1952,8373,4568,12258,7206,-5052,0,106,0,175,0,281,0,-281
DF,47,2020-11-15,686,3949,1952,8545,4568,12494,7206,-5288,0,64,0,172,0,236,0,-236
DF,48,2020-11-22,686,4021,1952,8733,4568,12754,7206,-5548,0,72,0,188,0,260,0,-260
DF,49,2020-11-29,686,4109,1952,8904,4568,13013,7206,-5807,0,88,0,171,0,259,0,-259
DF,50,2020-12-06,686,4189,1952,9062,4568,13251,7206,-6045,0,80,0,158,0,238,0,-238
DF,51,2020-12-13,686,4280,1952,9235,4568,13515,7206,-6309,0,91,0,173,0,264,0,-264
DF,52,2020-12-20,686,4357,1952,9397,4568,13754,7206,-6548,0,77,0,162,0,239,0,-239
DF,53,2020-12-27,686,4422,1952,9523,4568,13945,7206,-6739,0,65,0,126,0,191,0,-191
ES,1,2020-01-01,0,73,66,213,170,286,236,-50,0,73,66,213,170,286,236,-50
ES,2,2020-01-05,0,201,162,517,497,718,659,-59,0,128,96,304,327,432,423,-9
ES,3,2020-01-12,0,312,304,795,864,1107,1168,61,0,111,142,278,367,389,509,120
ES,4,2020-01-19,0,432,427,1125,1190,1557,1617,60,0,120,123,330,326,450,449,-1
ES,5,2020-01-26,0,556,523,1430,1489,1986,2012,26,0,124,96,305,299,429,395,-34
ES,6,2020-02-02,0,664,636,1706,1789,2370,2425,55,0,108,113,276,300,384,413,29
ES,7,2020-02-09,0,749,750,2021,2098,2770,2848,78,0,85,114,315,309,400,423,23
ES,8,2020-02-16,0,843,858,2317,2426,3160,3284,124,0,94,108,296,328,390,436,46
ES,9,2020-02-23,0,945,951,2592,2762,3537,3713,176,0,102,93,275,336,377,429,52
ES,10,2020-03-01,0,1075,1053,2920,3030,3995,4083,88,0,130,102,328,268,458,370,-88
ES,11,2020-03-08,0,1186,1174,3210,3393,4396,4567,171,0,111,121,290,363,401,484,83
ES,12,2020-03-15,0,1307,1297,3561,3708,4868,5005,137,0,121,123,351,315,472,438,-34
ES,13,2020-03-22,0,1426,1425,3864,4020,5290,5445,155,0,119,128,303,312,422,440,18
ES,14,2020-03-29,7,1538,1555,4174,4341,5712,5903,191,7,112,130,310,321,422,458,36
ES,15,2020-04-05,19,1657,1672,4506,4650,6163,6341,178,12,119,117,332,309,451,438,-13
ES,16,2020-04-12,42,1796,1785,4785,4960,6581,6787,206,23,139,113,279,310,418,446,28
ES,17,2020-04-19,73,1926,1876,5106,5247,7032,7196,164,31,130,91,321,287,451,409,-42
ES,18,2020-04-26,128,2043,1992,5379,5546,7422,7666,244,55,117,116,273,299,390,470,80
ES,19,2020-05-03,185,2181,2119,5676,5836,7857,8140,283,57,138,127,297,290,435,474,39
ES,20,2020-05-10,303,2313,2241,6012,6158,8325,8702,377,118,132,122,336,322,468,562,94
ES,21,2020-05-17,456,2440,2367,6343,6501,8783,9324,541,153,127,126,331,343,458,622,164
ES,22,2020-05-24,660,2583,2484,6669,6814,9252,9958,706,204,143,117,326,313,469,634,165
ES,23,2020-05-31,891,2720,2597,6993,7167,9713,10655,942,231,137,113,324,353,461,697,236
ES,24,2020-06-07,1108,2867,2713,7344,7484,10211,11305,1094,217,147,116,351,317,498,650,152
ES,25,2020-06-14,1346,3002,2819,7687,7731,10689,11896,1207,238,135,106,343,247,478,591,113
ES,26,2020-06-21,1486,3151,2876,8016,7900,11167,12262,1095,140,149,57,329,169,478,366,-112
ES,27,2020-06-28,1492,3280,2880,8370,7907,11650,12279,629,6,129,4,354,7,483,17,-466
ES,28,2020-07-05,1492,3412,2880,8657,7907,12069,12279,210,0,132,0,287,0,419,0,-419
ES,29,2020-07-12,1492,3577,2880,8983,7907,12560,12279,-281,0,165,0,326,0,491,0,-491
ES,30,2020-07-19,1492,3732,2880,9330,7907,13062,12279,-783,0,155,0,347,0,502,0,-502
ES,31,2020-07-26,1492,3872,2880,9658,7907,13530,12279,-1251,0,140,0,328,0,468,0,-468
ES,32,2020-08-02,1492,3994,2880,10014,7907,14008,12279,-1729,0,122,0,356,0,478,0,-478
ES,33,2020-08-09,1492,4137,2880,10352,7907,14489,12279,-2210,0,143,0,338,0,481,0,-481
ES,34,2020-08-16,1492,4274,2880,10665,7907,14939,12279,-2660,0,137,0,313,0,450,0,-450
ES,35,2020-08-23,1492,4409,2880,10959,7907,15368,12279,-3089,0,135,0,294,0,429,0,-429
ES,36,2020-08-30,1492,4548,2880,11294,7907,15842,12279,-3563,0,139,0,335,0,474,0,-474
ES,37,2020-09-06,1492,4681,2880,11605,7907,16286,12279,-4007,0,133,0,311,0,444,0,-444
ES,38,2020-09-13,1492,4811,2880,11934,7907,16745,12279,-4466,0,130,0,329,0,459,0,-459
ES,39,2020-09-20,1492,4934,2880,12219,7907,17153,12279,-4874,0,123,0,285,0,408,0,-408
ES,40,2020-09-27,1492,5072,2880,12530,7907,17602,12279,-5323,0,138,0,311,0,449,0,-449
ES,41,2020-10-04,1492,5185,2880,12824,7907,18009,12279,-5730,0,113,0,294,0,407,0,-407
ES,42,2020-10-11,1492,5290,2880,13124,7907,18414,12279,-6135,0,105,0,300,0,405,0,-405
ES,43,2020-10-18,1492,5406,2880,13414,7907,18820,12279,-6541,0,116,0,290,0,406,0,-406
ES,44,2020-10-25,1492,5528,2880,13730,7907,19258,12279,-6979,0,122,0,316,0,438,0,-438
ES,45,2020-11-01,1492,5637,2880,14033,7907,19670,12279,-7391,0,109,0,303,0,412,0,-412
ES,46,2020-11-08,1492,5763,2880,14325,7907,20088,12279,-7809,0,126,0,292,0,418,0,-418
ES,47,2020-11-15,1492,5885,2880,14643,7907,20528,12279,-8249,0,122,0,318,0,440,0,-440
ES,48,2020-11-22,1492,5985,2880,14955,7907,20940,12279,-8661,0,100,0,312,0,412,0,-412
ES,49,2020-11-29,1492,6121,2880,15264,7907,21385,12279,-9106,0,136,0,309,0,445,0,-445
ES,50,2020-12-06,1492,6240,2880,15590,7907,21830,12279,-9551,0,119,0,326,0,445,0,-445
ES,51,2020-12-13,1492,6362,2880,15932,7907,22294,12279,-10015,0,122,0,342,0,464,0,-464
ES,52,2020-12-20,1492,6478,2880,16251,7907,22729,12279,-10450,0,116,0,319,0,435,0,-435
ES,53,2020-12-27,1492,6558,2880,16466,7907,23024,12279,-10745,0,80,0,215,0,295,0,-295
GO,1,2020-01-01,0,86,96,194,203,280,299,19,0,86,96,194,203,280,299,19
GO,2,2020-01-05,0,251,286,563,554,814,840,26,0,165,190,369,351,534,541,7
GO,3,2020-01-12,0,424,462,945,939,1369,1401,32,0,173,176,382,385,555,561,6
GO,4,2020-01-19,0,604,641,1292,1290,1896,1931,35,0,180,179,347,351,527,530,3
GO,5,2020-01-26,0,789,832,1649,1625,2438,2457,19,0,185,191,357,335,542,526,-16
GO,6,2020-02-02,0,965,1010,1998,2007,2963,3017,54,0,176,178,349,382,525,560,35
GO,7,2020-02-09,0,1139,1201,2350,2317,3489,3518,29,0,174,191,352,310,526,501,-25
GO,8,2020-02-16,0,1296,1364,2687,2663,3983,4027,44,0,157,163,337,346,494,509,15
GO,9,2020-02-23,0,1444,1523,3005,3032,4449,4555,106,0,148,159,318,369,466,528,62
GO,10,2020-03-01,0,1585,1729,3327,3364,4912,5093,181,0,141,206,322,332,463,538,75
GO,11,2020-03-08,0,1763,1945,3694,3727,5457,5672,215,0,178,216,367,363,545,579,34
GO,12,2020-03-15,0,1951,2170,4082,4092,6033,6262,229,0,188,225,388,365,576,590,14
GO,13,2020-03-22,3,2163,2371,4398,4413,6561,6787,226,3,212,201,316,321,528,525,-3
GO,14,2020-03-29,14,2350,2561,4760,4759,7110,7334,224,11,187,190,362,346,549,547,-2
GO,15,2020-04-05,41,2545,2748,5129,5085,7674,7874,200,27,195,187,369,326,564,540,-24
GO,16,2020-04-12,54,2724,2898,5539,5413,8263,8365,102,13,179,150,410,328,589,491,-98
GO,17,2020-04-19,76,2908,3075,5936,5714,8844,8865,21,22,184,177,397,301,581,500,-81
GO,18,2020-04-26,99,3094,3242,6317,6045,9411,9386,-25,23,186,167,381,331,567,521,-46
GO,19,2020-05-03,129,3273,3388,6666,6428,9939,9945,6,30,179,146,349,383,528,559,31
GO,20,2020-05-10,155,3448,3545,7059,6830,10507,10530,23,26,175,157,393,402,568,585,17
GO,21,2020-05-17,199,3628,3697,7409,7184,11037,11080,43,44,180,152,350,354,530,550,20
GO,22,2020-05-24,248,3849,3852,7813,7543,11662,11643,-19,49,221,155,404,359,625,563,-62
GO,23,2020-05-31,307,4074,4019,8240,7891,12314,12217,-97,59,225,167,427,348,652,574,-78
GO,24,2020-06-07,367,4282,4164,8632,8204,12914,12735,-179,60,208,145,392,313,600,518,-82
GO,25,2020-06-14,460,4481,4265,9041,8460,13522,13185,-337,93,199,101,409,256,608,450,-158
GO,26,2020-06-21,560,4695,4343,9426,8617,14121,13520,-601,100,214,78,385,157,599,335,-264
GO,27,2020-06-28,566,4914,4346,9798,8628,14712,13540,-1172,6,219,3,372,11,591,20,-571
GO,28,2020-07-05,566,5150,4346,10227,8628,15377,13540,-1837,0,236,0,429,0,665,0,-665
GO,29,2020-07-12,566,5358,4346,10607,8628,15965,13540,-2425,0,208,0,380,0,588,0,-588
GO,30,2020-07-19,566,5587,4346,10976,8628,16563,13540,-3023,0,229,0,369,0,598,0,-598
GO,31,2020-07-26,566,5796,4346,11362,8628,17158,13540,-3618,0,209,0,386,0,595,0,-595
GO,32,2020-08-02,566,6000,4346,11694,8628,17694,13540,-4154,0,204,0,332,0,536,0,-536
GO,33,2020-08-09,566,6181,4346,11987,8628,18168,13540,-4628,0,181,0,293,0,474,0,-474
GO,34,2020-08-16,566,6405,4346,12339,8628,18744,13540,-5204,0,224,0,352,0,576,0,-576
GO,35,2020-08-23,566,6595,4346,12676,8628,19271,13540,-5731,0,190,0,337,0,527,0,-527
GO,36,2020-08-30,566,6802,4346,13049,8628,19851,13540,-6311,0,207,0,373,0,580,0,-580
GO,37,2020-09-06,566,6997,4346,13434,8628,20431,13540,-6891,0,195,0,385,0,580,0,-580
GO,38,2020-09-13,566,7221,4346,13833,8628,21054,13540,-7514,0,224,0,399,0,623,0,-623
GO,39,2020-09-20,566,7459,4346,14231,8628,21690,13540,-8150,0,238,0,398,0,636,0,-636
GO,40,2020-09-27,566,7657,4346,14628,8628,22285,13540,-8745,0,198,0,397,0,595,0,-595
GO,41,2020-10-04,566,7862,4346,14988,8628,22850,13540,-9310,0,205,0,360,0,565,0,-565
GO,42,2020-10-11,566,8064,4346,15318,8628,23382,13540,-9842,0,202,0,330,0,532,0,-532
GO,43,2020-10-18,566,8294,4346,15643,8628,23937,13540,-10397,0,230,0,325,0,555,0,-555
GO,44,2020-10-25,566,8475,4346,15981,8628,24456,13540,-10916,0,181,0,338,0,519,0,-519
GO,45,2020-11-01,566,8638,4346,16331,8628,24969,13540,-11429,0,163,0,350,0,513,0,-513
GO,46,2020-11-08,566,8808,4346,16709,8628,25517,13540,-11977,0,170,0,378,0,548,0,-548
GO,47,2020-11-15,566,8978,4346,17054,8628,26032,13540,-12492,0,170,0,345,0,515,0,-515
GO,48,2020-11-22,566,9153,4346,17392,8628,26545,13540,-13005,0,175,0,338,0,513,0,-513
GO,49,2020-11-29,566,9342,4346,17748,8628,27090,13540,-13550,0,189,0,356,0,545,0,-545
GO,50,2020-12-06,566,9513,4346,18080,8628,27593,13540,-14053,0,171,0,332,0,503,0,-503
GO,51,2020-12-13,566,9684,4346,18432,8628,28116,13540,-14576,0,171,0,352,0,523,0,-523
GO,52,2020-12-20,566,9889,4346,18778,8628,28667,13540,-15127,0,205,0,346,0,551,0,-551
GO,53,2020-12-27,566,10030,4346,19069,8628,29099,13540,-15559,0,141,0,291,0,432,0,-432
MA,1,2020-01-01,0,50,38,186,150,236,188,-48,0,50,38,186,150,236,188,-48
MA,2,2020-01-05,0,127,115,484,411,611,526,-85,0,77,77,298,261,375,338,-37
MA,3,2020-01-12,0,204,177,752,656,956,833,-123,0,77,62,268,245,345,307,-38
MA,4,2020-01-19,0,273,251,1003,969,1276,1220,-56,0,69,74,251,313,320,387,67
MA,5,2020-01-26,0,359,341,1247,1229,1606,1570,-36,0,86,90,244,260,330,350,20
MA,6,2020-02-02,0,439,414,1524,1547,1963,1961,-2,0,80,73,277,318,357,391,34
MA,7,2020-02-09,0,518,517,1755,1836,2273,2353,80,0,79,103,231,289,310,392,82
MA,8,2020-02-16,0,593,605,2027,2097,2620,2702,82,0,75,88,272,261,347,349,2
MA,9,2020-02-23,0,658,692,2262,2381,2920,3073,153,0,65,87,235,284,300,371,71
MA,10,2020-03-01,0,730,788,2543,2636,3273,3424,151,0,72,96,281,255,353,351,-2
MA,11,2020-03-08,0,822,897,2781,2888,3603,3785,182,0,92,109,238,252,330,361,31
MA,12,2020-03-15,0,920,993,3036,3151,3956,4144,188,0,98,96,255,263,353,359,6
MA,13,2020-03-22,0,1011,1088,3306,3421,4317,4509,192,0,91,95,270,270,361,365,4
MA,14,2020-03-29,0,1084,1179,3570,3686,4654,4865,211,0,73,91,264,265,337,356,19
MA,15,2020-04-05,18,1178,1276,3835,3945,5013,5239,226,18,94,97,265,259,359,374,15
MA,16,2020-04-12,54,1282,1368,4089,4194,5371,5616,245,36,104,92,254,249,358,377,19
MA,17,2020-04-19,140,1373,1573,4378,4539,5751,6252,501,86,91,205,289,345,380,636,256
MA,18,2020-04-26,265,1468,1866,4632,4936,6100,7067,967,125,95,293,254,397,349,815,466
MA,19,2020-05-03,401,1570,2152,4926,5298,6496,7851,1355,136,102,286,294,362,396,784,388
MA,20,2020-05-10,556,1658,2386,5196,5656,6854,8598,1744,155,88,234,270,358,358,747,389
MA,21,2020-05-17,738,1756,2556,5473,5976,7229,9270,2041,182,98,170,277,320,375,672,297
MA,22,2020-05-24,901,1856,2680,5780,6245,7636,9826,2190,163,100,124,307,269,407,556,149
MA,23,2020-05-31,1044,1956,2769,6077,6506,8033,10319,2286,143,100,89,297,261,397,493,96
MA,24,2020-06-07,1143,2037,2859,6339,6699,8376,10701,2325,99,81,90,262,193,343,382,39
MA,25,2020-06-14,1192,2117,2911,6575,6841,8692,10944,2252,49,80,52,236,142,316,243,-73
MA,26,2020-06-21,1203,2184,2929,6865,6883,9049,11015,1966,11,67,18,290,42,357,71,-286
MA,27,2020-06-28,1203,2266,2929,7126,6883,9392,11015,1623,0,82,0,261,0,343,0,-343
MA,28,2020-07-05,1203,2337,2929,7390,6883,9727,11015,1288,0,71,0,264,0,335,0,-335
MA,29,2020-07-12,1203,2429,2929,7610,6883,10039,11015,976,0,92,0,220,0,312,0,-312
MA,30,2020-07-19,1203,2505,2929,7876,6883,10381,11015,634,0,76,0,266,0,342,0,-342
MA,31,2020-07-26,1203,2579,2929,8106,6883,10685,11015,330,0,74,0,230,0,304,0,-304
MA,32,2020-08-02,1203,2652,2929,8312,6883,10964,11015,51,0,73,0,206,0,279,0,-279
MA,33,2020-08-09,1203,2731,2929,8541,6883,11272,11015,-257,0,79,0,229,0,308,0,-308
MA,34,2020-08-16,1203,2818,2929,8780,6883,11598,11015,-583,0,87,0,239,0,326,0,-326
MA,35,2020-08-23,1203,2884,2929,9008,6883,11892,11015,-877,0,66,0,228,0,294,0,-294
MA,36,2020-08-30,1203,2947,2929,9239,6883,12186,11015,-1171,0,63,0,231,0,294,0,-294
MA,37,2020-09-06,1203,3013,2929,9520,6883,12533,11015,-1518,0,66,0,281,0,347,0,-347
MA,38,2020-09-13,1203,3081,2929,9780,6883,12861,11015,-1846,0,68,0,260,0,328,0,-328
MA,39,2020-09-20,1203,3160,2929,9986,6883,13146,11015,-2131,0,79,0,206,0,285,0,-285
MA,40,2020-09-27,1203,3218,2929,10190,6883,13408,11015,-2393,0,58,0,204,0,262,0,-262
MA,41,2020-10-04,1203,3288,2929,10418,6883,13706,11015,-2691,0,70,0,228,0,298,0,-298
MA,42,2020-10-11,1203,3352,2929,10671,6883,14023,11015,-3008,0,64,0,253,0,317,0,-317
MA,43,2020-10-18,1203,3423,2929,10910,6883,14333,11015,-3318,0,71,0,239,0,310,0,-310
MA,44,2020-10-25,1203,3504,2929,11138,6883,14642,11015,-3627,0,81,0,228,0,309,0,-309
MA,45,2020-11-01,1203,3559,2929,11360,6883,14919,11015,-3904,0,55,0,222,0,277,0,-277
MA,46,2020-11-08,1203,3630,2929,11555,6883,15185,11015,-4170,0,71,0,195,0,266,0,-266
MA,47,2020-11-15,1203,3687,2929,11758,6883,15445,11015,-4430,0,57,0,203,0,260,0,-260
MA,48,2020-11-22,1203,3746,2929,11957,6883,15703,11015,-4688,0,59,0,199,0,258,0,-258
MA,49,2020-11-29,1203,3812,2929,12184,6883,15996,11015,-4981,0,66,0,227,0,293,0,-293
MA,50,2020-12-06,1203,3888,2929,12411,6883,16299,11015,-5284,0,76,0,227,0,303,0,-303
MA,51,2020-12-13,1203,3963,2929,12636,6883,16599,11015,-5584,0,75,0,225,0,300,0,-300
MA,52,2020-12-20,1203,4043,2929,12872,6883,16915,11015,-5900,0,80,0,236,0,316,0,-316
MA,53,2020-12-27,1203,4099,2929,13025,6883,17124,11015,-6109,0,56,0,153,0,209,0,-209
MG,1,2020-01-01,0,333,365,885,900,1218,1265,47,0,333,365,885,900,1218,1265,47
MG,2,2020-01-05,0,937,1030,2459,2502,3396,3532,136,0,604,665,1574,1602,2178,2267,89
MG,3,2020-01-12,0,1563,1698,3993,4116,5556,5814,258,0,626,668,1534,1614,2160,2282,122
MG,4,2020-01-19,0,2201,2321,5543,5655,7744,7976,232,0,638,623,1550,1539,2188,2162,-26
MG,5,2020-01-26,0,2782,2907,7058,7223,9840,10130,290,0,581,586,1515,1568,2096,2154,58
MG,6,2020-02-02,0,3367,3509,8600,8786,11967,12295,328,0,585,602,1542,1563,2127,2165,38
MG,7,2020-02-09,0,3944,4108,10101,10401,14045,14509,464,0,577,599,1501,1615,2078,2214,136
MG,8,2020-02-16,0,4481,4701,11558,12040,16039,16741,702,0,537,593,1457,1639,1994,2232,238
MG,9,2020-02-23,0,4936,5280,12909,13610,17845,18890,1045,0,455,579,1351,1570,1806,2149,343
MG,10,2020-03-01,0,5487,5903,14448,15285,19935,21188,1253,0,551,623,1539,1675,2090,2298,208
MG,11,2020-03-08,0,6103,6576,15998,16975,22101,23551,1450,0,616,673,1550,1690,2166,2363,197
MG,12,2020-03-15,0,6722,7318,17559,18700,24281,26018,1737,0,619,742,1561,1725,2180,2467,287
MG,13,2020-03-22,13,7287,7980,19079,20310,26366,28303,1937,13,565,662,1520,1610,2085,2285,200
MG,14,2020-03-29,57,7915,8579,20651,21942,28566,30578,2012,44,628,599,1572,1632,2200,2275,75
MG,15,2020-04-05,104,8543,9176,22321,23553,30864,32833,1969,47,628,597,1670,1611,2298,2255,-43
MG,16,2020-04-12,162,9149,9664,23998,25110,33147,34936,1789,58,606,488,1677,1557,2283,2103,-180
MG,17,2020-04-19,221,9778,10212,25644,26728,35422,37161,1739,59,629,548,1646,1618,2275,2225,-50
MG,18,2020-04-26,293,10407,10774,27314,28315,37721,39382,1661,72,629,562,1670,1587,2299,2221,-78
MG,19,2020-05-03,388,11097,11263,28965,29948,40062,41599,1537,95,690,489,1651,1633,2341,2217,-124
MG,20,2020-05-10,466,11744,11805,30735,31644,42479,43915,1436,78,647,542,1770,1696,2417,2316,-101
MG,21,2020-05-17,578,12426,12334,32435,33215,44861,46127,1266,112,682,529,1700,1571,2382,2212,-170
MG,22,2020-05-24,700,13140,12866,34131,34787,47271,48353,1082,122,714,532,1696,1572,2410,2226,-184
MG,23,2020-05-31,863,13796,13400,35670,36431,49466,50694,1228,163,656,534,1539,1644,2195,2341,146
MG,24,2020-06-07,1064,14543,13957,37483,38037,52026,53058,1032,201,747,557,1813,1606,2560,2364,-196
MG,25,2020-06-14,1293,15289,14410,39191,39407,54480,55110,630,229,746,453,1708,1370,2454,2052,-402
MG,26,2020-06-21,1434,16037,14629,40875,40153,56912,56216,-696,141,748,219,1684,746,2432,1106,-1326
MG,27,2020-06-28,1442,16726,14632,42511,40167,59237,56241,-2996,8,689,3,1636,14,2325,25,-2300
MG,28,2020-07-05,1442,17412,14632,44189,40167,61601,56241,-5360,0,686,0,1678,0,2364,0,-2364
MG,29,2020-07-12,1442,18178,14632,45950,40167,64128,56241,-7887,0,766,0,1761,0,2527,0,-2527
MG,30,2020-07-19,1442,18920,14632,47636,40167,66556,56241,-10315,0,742,0,1686,0,2428,0,-2428
MG,31,2020-07-26,1442,19717,14632,49378,40167,69095,56241,-12854,0,797,0,1742,0,2539,0,-2539
MG,32,2020-08-02,1442,20431,14632,50966,40167,71397,56241,-15156,0,714,0,1588,0,2302,0,-2302
MG,33,2020-08-09,1442,21087,14632,52576,40167,73663,56241,-17422,0,656,0,1610,0,2266,0,-2266
MG,34,2020-08-16,1442,21743,14632,54093,40167,75836,56241,-19595,0,656,0,1517,0,2173,0,-2173
MG,35,2020-08-23,1442,22411,14632,55631,40167,78042,56241,-21801,0,668,0,1538,0,2206,0,-2206
MG,36,2020-08-30,1442,23083,14632,57307,40167,80390,56241,-24149,0,672,0,1676,0,2348,0,-2348
MG,37,2020-09-06,1442,23717,14632,58835,40167,82552,56241,-26311,0,634,0,1528,0,2162,0,-2162
MG,38,2020-09-13,1442,24405,14632,60386,40167,84791,56241,-28550,0,688,0,1551,0,2239,0,-2239
MG,39,2020-09-20,1442,25032,14632,61906,40167,86938,56241,-30697,0,627,0,1520,0,2147,0,-2147
MG,40,2020-09-27,1442,25629,14632,63451,40167,89080,56241,-32839,0,597,0,1545,0,2142,0,-2142
MG,41,2020-10-04,1442,26253,14632,64951,40167,91204,56241,-34963,0,624,0,1500,0,2124,0,-2124
MG,42,2020-10-11,1442,26855,14632,66544,40167,93399,56241,-37158,0,602,0,1593,0,2195,0,-2195
MG,43,2020-10-18,1442,27462,14632,68056,40167,95518,56241,-39277,0,607,0,1512,0,2119,0,-2119
MG,44,2020-10-25,1442,28024,14632,69445,40167,97469,56241,-41228,0,562,0,1389,0,1951,0,-1951
MG,45,2020-11-01,1442,28599,14632,70971,40167,99570,56241,-43329,0,575,0,1526,0,2101,0,-2101
MG,46,2020-11-08,1442,29193,14632,72495,40167,101688,56241,-45447,0,594,0,1524,0,2118,0,-2118
MG,47,2020-11-15,1442,29699,14632,73958,40167,103657,56241,-47416,0,506,0,1463,0,1969,0,-1969
MG,48,2020-11-22,1442,30193,14632,75368,40167,105561,56241,-49320,0,494,0,1410,0,1904,0,-1904
MG,49,2020-11-29,1442,30747,14632,76893,40167,107640,56241,-51399,0,554,0,1525,0,2079,0,-2079
MG,50,2020-12-06,1442,31283,14632,78447,40167,109730,56241,-53489,0,536,0,1554,0,2090,0,-2090
MG,51,2020-12-13,1442,31886,14632,80007,40167,111893,56241,-55652,0,603,0,1560,0,2163,0,-2163
MG,52,2020-12-20,1442,32491,14632,81524,40167,114015,56241,-57774,0,605,0,1517,0,2122,0,-2122
MG,53,2020-12-27,1442,32885,14632,82613,40167,115498,56241,-59257,0,394,0,1089,0,1483,0,-1483
MS,1,2020-01-01,0,47,50,87,91,134,141,7,0,47,50,87,91,134,141,7
MS,2,2020-01-05,0,127,144,270,258,397,402,5,0,80,94,183,167,263,261,-2
MS,3,2020-01-12,0,209,232,444,443,653,675,22,0,82,88,174,185,256,273,17
MS,4,2020-01-19,0,299,308,621,628,920,936,16,0,90,76,177,185,267,261,-6
MS,5,2020-01-26,0,389,386,822,800,1211,1186,-25,0,90,78,201,172,291,250,-41
MS,6,2020-02-02,0,464,469,994,1008,1458,1477,19,0,75,83,172,208,247,291,44
MS,7,2020-02-09,0,551,570,1165,1179,1716,1749,33,0,87,101,171,171,258,272,14
MS,8,2020-02-16,0,659,643,1334,1375,1993,2018,25,0,108,73,169,196,277,269,-8
MS,9,2020-02-23,0,727,725,1502,1536,2229,2261,32,0,68,82,168,161,236,243,7
MS,10,2020-03-01,0,791,813,1692,1713,2483,2526,43,0,64,88,190,177,254,265,11
MS,11,2020-03-08,0,870,910,1842,1929,2712,2839,127,0,79,97,150,216,229,313,84
MS,12,2020-03-15,0,942,1021,2010,2162,2952,3183,231,0,72,111,168,233,240,344,104
MS,13,2020-03-22,0,1027,1126,2178,2339,3205,3465,260,0,85,105,168,177,253,282,29
MS,14,2020-03-29,1,1116,1229,2352,2512,3468,3742,274,1,89,103,174,173,263,277,14
MS,15,2020-04-05,2,1223,1312,2516,2681,3739,3995,256,1,107,83,164,169,271,253,-18
MS,16,2020-04-12,5,1320,1389,2678,2877,3998,4271,273,3,97,77,162,196,259,276,17
MS,17,2020-04-19,9,1407,1456,2853,3054,4260,4519,259,4,87,67,175,177,262,248,-14
MS,18,2020-04-26,11,1514,1525,3042,3217,4556,4753,197,2,107,69,189,163,296,234,-62
MS,19,2020-05-03,12,1621,1595,3192,3401,4813,5008,195,1,107,70,150,184,257,255,-2
MS,20,2020-05-10,16,1709,1667,3384,3586,5093,5269,176,4,88,72,192,185,280,261,-19
MS,21,2020-05-17,21,1814,1730,3586,3800,5400,5551,151,5,105,63,202,214,307,282,-25
MS,22,2020-05-24,27,1931,1815,3816,4029,5747,5871,124,6,117,85,230,229,347,320,-27
MS,23,2020-05-31,32,2049,1883,4024,4210,6073,6125,52,5,118,68,208,181,326,254,-72
MS,24,2020-06-07,38,2172,1960,4255,4383,6427,6381,-46,6,123,77,231,173,354,256,-98
MS,25,2020-06-14,48,2286,2024,4465,4557,6751,6629,-122,10,114,64,210,174,324,248,-76
MS,26,2020-06-21,57,2395,2074,4655,4668,7050,6799,-251,9,109,50,190,111,299,170,-129
MS,27,2020-06-28,58,2514,2074,4894,4675,7408,6807,-601,1,119,0,239,7,358,8,-350
MS,28,2020-07-05,58,2637,2074,5101,4675,7738,6807,-931,0,123,0,207,0,330,0,-330
MS,29,2020-07-12,58,2744,2074,5309,4675,8053,6807,-1246,0,107,0,208,0,315,0,-315
MS,30,2020-07-19,58,2849,2074,5508,4675,8357,6807,-1550,0,105,0,199,0,304,0,-304
MS,31,2020-07-26,58,2962,2074,5720,4675,8682,6807,-1875,0,113,0,212,0,325,0,-325
MS,32,2020-08-02,58,3067,2074,5931,4675,8998,6807,-2191,0,105,0,211,0,316,0,-316
MS,33,2020-08-09,58,3182,2074,6119,4675,9301,6807,-2494,0,115,0,188,0,303,0,-303
MS,34,2020-08-16,58,3296,2074,6299,4675,9595,6807,-2788,0,114,0,180,0,294,0,-294
MS,35,2020-08-23,58,3403,2074,6509,4675,9912,6807,-3105,0,107,0,210,0,317,0,-317
MS,36,2020-08-30,58,3509,2074,6726,4675,10235,6807,-3428,0,106,0,217,0,323,0,-323
MS,37,2020-09-06,58,3610,2074,6935,4675,10545,6807,-3738,0,101,0,209,0,310,0,-310
MS,38,2020-09-13,58,3736,2074,7135,4675,10871,6807,-4064,0,126,0,200,0,326,0,-326
MS,39,2020-09-20,58,3831,2074,7329,4675,11160,6807,-4353,0,95,0,194,0,289,0,-289
MS,40,2020-09-27,58,3923,2074,7532,4675,11455,6807,-4648,0,92,0,203,0,295,0,-295
MS,41,2020-10-04,58,4012,2074,7711,4675,11723,6807,-4916,0,89,0,179,0,268,0,-268
MS,42,2020-10-11,58,4091,2074,7897,4675,11988,6807,-5181,0,79,0,186,0,265,0,-265
MS,43,2020-10-18,58,4192,2074,8067,4675,12259,6807,-5452,0,101,0,170,0,271,0,-271
MS,44,2020-10-25,58,4289,2074,8263,4675,12552,6807,-5745,0,97,0,196,0,293,0,-293
MS,45,2020-11-01,58,4394,2074,8462,4675,12856,6807,-6049,0,105,0,199,0,304,0,-304
MS,46,2020-11-08,58,4480,2074,8637,4675,13117,6807,-6310,0,86,0,175,0,261,0,-261
MS,47,2020-11-15,58,4566,2074,8801,4675,13367,6807,-6560,0,86,0,164,0,250,0,-250
MS,48,2020-11-22,58,4656,2074,8984,4675,13640,6807,-6833,0,90,0,183,0,273,0,-273
MS,49,2020-11-29,58,4735,2074,9174,4675,13909,6807,-7102,0,79,0,190,0,269,0,-269
MS,50,2020-12-06,58,4808,2074,9349,4675,14157,6807,-7350,0,73,0,175,0,248,0,-248
MS,51,2020-12-13,58,4875,2074,9501,4675,14376,6807,-7569,0,67,0,152,0,219,0,-219
MS,52,2020-12-20,58,4958,2074,9677,4675,14635,6807,-7828,0,83,0,176,0,259,0,-259
MS,53,2020-12-27,58,5019,2074,9811,4675,14830,6807,-8023,0,61,0,134,0,195,0,-195
MT,1,2020-01-01,0,20,16,99,106,119,122,3,0,20,16,99,106,119,122,3
MT,2,2020-01-05,0,38,51,268,334,306,385,79,0,18,35,169,228,187,263,76
MT,3,2020-01-12,0,69,75,438,539,507,614,107,0,31,24,170,205,201,229,28
MT,4,2020-01-19,0,104,103,609,700,713,803,90,0,35,28,171,161,206,189,-17
MT,5,2020-01-26,0,133,133,807,895,940,1028,88,0,29,30,198,195,227,225,-2
MT,6,2020-02-02,0,157,169,975,1094,1132,1263,131,0,24,36,168,199,192,235,43
MT,7,2020-02-09,0,181,188,1141,1316,1322,1504,182,0,24,19,166,222,190,241,51
MT,8,2020-02-16,0,216,217,1307,1515,1523,1732,209,0,35,29,166,199,201,228,27
MT,9,2020-02-23,0,245,241,1487,1731,1732,1972,240,0,29,24,180,216,209,240,31
MT,10,2020-03-01,0,282,272,1664,1958,1946,2230,284,0,37,31,177,227,214,258,44
MT,11,2020-03-08,0,319,302,1887,2231,2206,2533,327,0,37,30,223,273,260,303,43
MT,12,2020-03-15,1,358,345,2083,2454,2441,2800,359,1,39,43,196,223,235,267,32
MT,13,2020-03-22,1,406,365,2272,2676,2678,3042,364,0,48,20,189,222,237,242,5
MT,14,2020-03-29,3,436,403,2498,2845,2934,3251,317,2,30,38,226,169,256,209,-47
MT,15,2020-04-05,5,478,433,2703,3062,3181,3500,319,2,42,30,205,217,247,249,2
MT,16,2020-04-12,6,513,465,2897,3239,3410,3710,300,1,35,32,194,177,229,210,-19
MT,17,2020-04-19,10,548,488,3097,3445,3645,3943,298,4,35,23,200,206,235,233,-2
MT,18,2020-04-26,12,584,512,3323,3640,3907,4164,257,2,36,24,226,195,262,221,-41
MT,19,2020-05-03,14,629,541,3532,3821,4161,4376,215,2,45,29,209,181,254,212,-42
MT,20,2020-05-10,17,673,553,3743,4005,4416,4575,159,3,44,12,211,184,255,199,-56
MT,21,2020-05-17,19,708,573,3955,4173,4663,4765,102,2,35,20,212,168,247,190,-57
MT,22,2020-05-24,28,752,598,4141,4377,4893,5003,110,9,44,25,186,204,230,238,8
MT,23,2020-05-31,40,788,619,4369,4601,5157,5260,103,12,36,21,228,224,264,257,-7
MT,24,2020-06-07,56,817,638,4579,4701,5396,5395,-1,16,29,19,210,100,239,135,-104
MT,25,2020-06-14,88,853,657,4814,4911,5667,5656,-11,32,36,19,235,210,271,261,-10
MT,26,2020-06-21,89,886,660,5000,4938,5886,5687,-199,1,33,3,186,27,219,31,-188
MT,27,2020-06-28,89,927,660,5224,4938,6151,5687,-464,0,41,0,224,0,265,0,-265
MT,28,2020-07-05,89,964,660,5452,4938,6416,5687,-729,0,37,0,228,0,265,0,-265
MT,29,2020-07-12,89,1005,660,5672,4938,6677,5687,-990,0,41,0,220,0,261,0,-261
MT,30,2020-07-19,89,1034,660,5876,4938,6910,5687,-1223,0,29,0,204,0,233,0,-233
MT,31,2020-07-26,89,1072,660,6078,4938,7150,5687,-1463,0,38,0,202,0,240,0,-240
MT,32,2020-08-02,89,1103,660,6271,4938,7374,5687,-1687,0,31,0,193,0,224,0,-224
MT,33,2020-08-09,89,1136,660,6494,4938,7630,5687,-1943,0,33,0,223,0,256,0,-256
MT,34,2020-08-16,89,1162,660,6688,4938,7850,5687,-2163,0,26,0,194,0,220,0,-220
MT,35,2020-08-23,89,1200,660,6895,4938,8095,5687,-2408,0,38,0,207,0,245,0,-245
MT,36,2020-08-30,89,1241,660,7123,4938,8364,5687,-2677,0,41,0,228,0,269,0,-269
MT,37,2020-09-06,89,1281,660,7379,4938,8660,5687,-2973,0,40,0,256,0,296,0,-296
MT,38,2020-09-13,89,1320,660,7610,4938,8930,5687,-3243,0,39,0,231,0,270,0,-270
MT,39,2020-09-20,89,1356,660,7850,4938,9206,5687,-3519,0,36,0,240,0,276,0,-276
MT,40,2020-09-27,89,1392,660,8064,4938,9456,5687,-3769,0,36,0,214,0,250,0,-250
MT,41,2020-10-04,89,1426,660,8286,4938,9712,5687,-4025,0,34,0,222,0,256,0,-256
MT,42,2020-10-11,89,1461,660,8489,4938,9950,5687,-4263,0,35,0,203,0,238,0,-238
MT,43,2020-10-18,89,1501,660,8716,4938,10217,5687,-4530,0,40,0,227,0,267,0,-267
MT,44,2020-10-25,89,1533,660,8910,4938,10443,5687,-4756,0,32,0,194,0,226,0,-226
MT,45,2020-11-01,89,1575,660,9107,4938,10682,5687,-4995,0,42,0,197,0,239,0,-239
MT,46,2020-11-08,89,1610,660,9288,4938,10898,5687,-5211,0,35,0,181,0,216,0,-216
MT,47,2020-11-15,89,1640,660,9483,4938,11123,5687,-5436,0,30,0,195,0,225,0,-225
MT,48,2020-11-22,89,1671,660,9705,4938,11376,5687,-5689,0,31,0,222,0,253,0,-253
MT,49,2020-11-29,89,1699,660,9959,4938,11658,5687,-5971,0,28,0,254,0,282,0,-282
MT,50,2020-12-06,89,1725,660,10180,4938,11905,5687,-6218,0,26,0,221,0,247,0,-247
MT,51,2020-12-13,89,1758,660,10392,4938,12150,5687,-6463,0,33,0,212,0,245,0,-245
MT,52,2020-12-20,89,1796,660,10600,4938,12396,5687,-6709,0,38,0,208,0,246,0,-246
MT,53,2020-12-27,89,1823,660,10726,4938,12549,5687,-6862,0,27,0,126,0,153,0,-153
PA,1,2020-01-01,0,65,83,150,200,215,283,68,0,65,83,150,200,215,283,68
PA,2,2020-01-05,0,166,220,451,520,617,740,123,0,101,137,301,320,402,457,55
PA,3,2020-01-12,0,319,332,764,789,1083,1121,38,0,153,112,313,269,466,381,-85
PA,4,2020-01-19,1,456,469,1108,1084,1564,1554,-10,1,137,137,344,295,481,433,-48
PA,5,2020-01-26,2,577,602,1399,1392,1976,1996,20,1,121,133,291,308,412,442,30
PA,6,2020-02-02,2,704,764,1725,1731,2429,2497,68,0,127,162,326,339,453,501,48
PA,7,2020-02-09,2,848,906,2044,1993,2892,2901,9,0,144,142,319,262,463,404,-59
PA,8,2020-02-16,2,967,1040,2349,2259,3316,3301,-15,0,119,134,305,266,424,400,-24
PA,9,2020-02-23,3,1077,1230,2620,2583,3697,3816,119,1,110,190,271,324,381,515,134
PA,10,2020-03-01,3,1196,1419,2922,2874,4118,4296,178,0,119,189,302,291,421,480,59
PA,11,2020-03-08,3,1344,1594,3230,3190,4574,4787,213,0,148,175,308,316,456,491,35
PA,12,2020-03-15,3,1539,1736,3572,3466,5111,5205,94,0,195,142,342,276,537,418,-119
PA,13,2020-03-22,4,1691,1878,3922,3766,5613,5648,35,1,152,142,350,300,502,443,-59
PA,14,2020-03-29,6,1818,2030,4243,4049,6061,6085,24,2,127,152,321,283,448,437,-11
PA,15,2020-04-05,28,1960,2176,4555,4338,6515,6542,27,22,142,146,312,289,454,457,3
PA,16,2020-04-12,91,2121,2384,4929,4655,7050,7130,80,63,161,208,374,317,535,588,53
PA,17,2020-04-19,309,2256,2716,5207,5107,7463,8132,669,218,135,332,278,452,413,1002,589
PA,18,2020-04-26,620,2395,3122,5500,5588,7895,9330,1435,311,139,406,293,481,432,1198,766
PA,19,2020-05-03,1028,2575,3502,5841,6014,8416,10544,2128,408,180,380,341,426,521,1214,693
PA,20,2020-05-10,1453,2755,3720,6189,6338,8944,11511,2567,425,180,218,348,324,528,967,439
PA,21,2020-05-17,1816,2895,3895,6446,6636,9341,12347,3006,363,140,175,257,298,397,836,439
PA,22,2020-05-24,2036,3018,4003,6751,6899,9769,12938,3169,220,123,108,305,263,428,591,163
PA,23,2020-05-31,2247,3120,4100,7041,7100,10161,13447,3286,211,102,97,290,201,392,509,117
PA,24,2020-06-07,2385,3257,4162,7273,7276,10530,13823,3293,138,137,62,232,176,369,376,7
PA,25,2020-06-14,2477,3389,4216,7551,7397,10940,14090,3150,92,132,54,278,121,410,267,-143
PA,26,2020-06-21,2506,3506,4236,7810,7456,11316,14198,2882,29,117,20,259,59,376,108,-268
PA,27,2020-06-28,2507,3613,4237,8052,7458,11665,14202,2537,1,107,1,242,2,349,4,-345
PA,28,2020-07-05,2507,3739,4237,8370,7458,12109,14202,2093,0,126,0,318,0,444,0,-444
PA,29,2020-07-12,2507,3837,4237,8667,7458,12504,14202,1698,0,98,0,297,0,395,0,-395
PA,30,2020-07-19,2507,3954,4237,8937,7458,12891,14202,1311,0,117,0,270,0,387,0,-387
PA,31,2020-07-26,2507,4094,4237,9223,7458,13317,14202,885,0,140,0,286,0,426,0,-426
PA,32,2020-08-02,2507,4219,4237,9509,7458,13728,14202,474,0,125,0,286,0,411,0,-411
PA,33,2020-08-09,2507,4376,4237,9829,7458,14205,14202,-3,0,157,0,320,0,477,0,-477
PA,34,2020-08-16,2507,4506,4237,10129,7458,14635,14202,-433,0,130,0,300,0,430,0,-430
PA,35,2020-08-23,2507,4640,4237,10417,7458,15057,14202,-855,0,134,0,288,0,422,0,-422
PA,36,2020-08-30,2507,4781,4237,10731,7458,15512,14202,-1310,0,141,0,314,0,455,0,-455
PA,37,2020-09-06,2507,4933,4237,11037,7458,15970,14202,-1768,0,152,0,306,0,458,0,-458
PA,38,2020-09-13,2507,5062,4237,11308,7458,16370,14202,-2168,0,129,0,271,0,400,0,-400
PA,39,2020-09-20,2507,5201,4237,11591,7458,16792,14202,-2590,0,139,0,283,0,422,0,-422
PA,40,2020-09-27,2507,5337,4237,11880,7458,17217,14202,-3015,0,136,0,289,0,425,0,-425
PA,41,2020-10-04,2507,5471,4237,12170,7458,17641,14202,-3439,0,134,0,290,0,424,0,-424
PA,42,2020-10-11,2507,5621,4237,12433,7458,18054,14202,-3852,0,150,0,263,0,413,0,-413
PA,43,2020-10-18,2507,5738,4237,12687,7458,18425,14202,-4223,0,117,0,254,0,371,0,-371
PA,44,2020-10-25,2507,5874,4237,12977,7458,18851,14202,-4649,0,136,0,290,0,426,0,-426
PA,45,2020-11-01,2507,6004,4237,13264,7458,19268,14202,-5066,0,130,0,287,0,417,0,-417
PA,46,2020-11-08,2507,6116,4237,13536,7458,19652,14202,-5450,0,112,0,272,0,384,0,-384
PA,47,2020-11-15,2507,6217,4237,13808,7458,20025,14202,-5823,0,101,0,272,0,373,0,-373
PA,48,2020-11-22,2507,6345,4237,14095,7458,20440,14202,-6238,0,128,0,287,0,415,0,-415
PA,49,2020-11-29,2507,6490,4237,14420,7458,20910,14202,-6708,0,145,0,325,0,470,0,-470
PA,50,2020-12-06,2507,6646,4237,14738,7458,21384,14202,-7182,0,156,0,318,0,474,0,-474
PA,51,2020-12-13,2507,6780,4237,15059,7458,21839,14202,-7637,0,134,0,321,0,455,0,-455
PA,52,2020-12-20,2507,6919,4237,15376,7458,22295,14202,-8093,0,139,0,317,0,456,0,-456
PA,53,2020-12-27,2507,7019,4237,15574,7458,22593,14202,-8391,0,100,0,198,0,298,0,-298
PB,1,2020-01-01,0,71,89,194,207,265,296,31,0,71,89,194,207,265,296,31
PB,2,2020-01-05,0,190,220,507,522,697,742,45,0,119,131,313,315,432,446,14
PB,3,2020-01-12,0,338,340,845,816,1183,1156,-27,0,148,120,338,294,486,414,-72
PB,4,2020-01-19,0,460,466,1161,1142,1621,1608,-13,0,122,126,316,326,438,452,14
PB,5,2020-01-26,0,581,597,1476,1494,2057,2091,34,0,121,131,315,352,436,483,47
PB,6,2020-02-02,0,717,729,1824,1821,2541,2550,9,0,136,132,348,327,484,459,-25
PB,7,2020-02-09,0,840,842,2170,2124,3010,2966,-44,0,123,113,346,303,469,416,-53
PB,8,2020-02-16,0,950,967,2522,2415,3472,3382,-90,0,110,125,352,291,462,416,-46
PB,9,2020-02-23,0,1056,1083,2816,2731,3872,3814,-58,0,106,116,294,316,400,432,32
PB,10,2020-03-01,0,1211,1211,3151,3057,4362,4268,-94,0,155,128,335,326,490,454,-36
PB,11,2020-03-08,0,1358,1327,3487,3358,4845,4685,-160,0,147,116,336,301,483,417,-66
PB,12,2020-03-15,0,1492,1459,3823,3698,5315,5157,-158,0,134,132,336,340,470,472,2
PB,13,2020-03-22,0,1630,1604,4182,4019,5812,5623,-189,0,138,145,359,321,497,466,-31
PB,14,2020-03-29,6,1762,1712,4527,4330,6289,6048,-241,6,132,108,345,311,477,425,-52
PB,15,2020-04-05,10,1924,1841,4895,4654,6819,6505,-314,4,162,129,368,324,530,457,-73
PB,16,2020-04-12,27,2076,1966,5265,4969,7341,6962,-379,17,152,125,370,315,522,457,-65
PB,17,2020-04-19,48,2209,2059,5581,5276,7790,7383,-407,21,133,93,316,307,449,421,-28
PB,18,2020-04-26,80,2378,2192,5954,5598,8332,7870,-462,32,169,133,373,322,542,487,-55
PB,19,2020-05-03,143,2524,2328,6307,5961,8831,8432,-399,63,146,136,353,363,499,562,63
PB,20,2020-05-10,235,2691,2474,6671,6335,9362,9044,-318,92,167,146,364,374,531,612,81
PB,21,2020-05-17,375,2847,2623,7058,6738,9905,9736,-169,140,156,149,387,403,543,692,149
PB,22,2020-05-24,528,3018,2757,7410,7104,10428,10389,-39,153,171,134,352,366,523,653,130
PB,23,2020-05-31,691,3171,2867,7733,7454,10904,11012,108,163,153,110,323,350,476,623,147
PB,24,2020-06-07,833,3335,2976,8065,7772,11400,11581,181,142,164,109,332,318,496,569,73
PB,25,2020-06-14,927,3472,3043,8409,7975,11881,11945,64,94,137,67,344,203,481,364,-117
PB,26,2020-06-21,985,3591,3091,8774,8121,12365,12197,-168,58,119,48,365,146,484,252,-232
PB,27,2020-06-28,993,3763,3094,9151,8137,12914,12224,-690,8,172,3,377,16,549,27,-522
PB,28,2020-07-05,993,3925,3094,9522,8137,13447,12224,-1223,0,162,0,371,0,533,0,-533
PB,29,2020-07-12,993,4068,3094,9895,8137,13963,12224,-1739,0,143,0,373,0,516,0,-516
PB,30,2020-07-19,993,4223,3094,10265,8137,14488,12224,-2264,0,155,0,370,0,525,0,-525
PB,31,2020-07-26,993,4363,3094,10640,8137,15003,12224,-2779,0,140,0,375,0,515,0,-515
PB,32,2020-08-02,993,4495,3094,11004,8137,15499,12224,-3275,0,132,0,364,0,496,0,-496
PB,33,2020-08-09,993,4632,3094,11343,8137,15975,12224,-3751,0,137,0,339,0,476,0,-476
PB,34,2020-08-16,993,4784,3094,11666,8137,16450,12224,-4226,0,152,0,323,0,475,0,-475
PB,35,2020-08-23,993,4933,3094,12036,8137,16969,12224,-4745,0,149,0,370,0,519,0,-519
PB,36,2020-08-30,993,5070,3094,12395,8137,17465,12224,-5241,0,137,0,359,0,496,0,-496
PB,37,2020-09-06,993,5214,3094,12715,8137,17929,12224,-5705,0,144,0,320,0,464,0,-464
PB,38,2020-09-13,993,5332,3094,13019,8137,18351,12224,-6127,0,118,0,304,0,422,0,-422
PB,39,2020-09-20,993,5482,3094,13377,8137,18859,12224,-6635,0,150,0,358,0,508,0,-508
PB,40,2020-09-27,993,5620,3094,13658,8137,19278,12224,-7054,0,138,0,281,0,419,0,-419
PB,41,2020-10-04,993,5763,3094,13991,8137,19754,12224,-7530,0,143,0,333,0,476,0,-476
PB,42,2020-10-11,993,5896,3094,14289,8137,20185,12224,-7961,0,133,0,298,0,431,0,-431
PB,43,2020-10-18,993,6016,3094,14623,8137,20639,12224,-8415,0,120,0,334,0,454,0,-454
PB,44,2020-10-25,993,6155,3094,14943,8137,21098,12224,-8874,0,139,0,320,0,459,0,-459
PB,45,2020-11-01,993,6305,3094,15292,8137,21597,12224,-9373,0,150,0,349,0,499,0,-499
PB,46,2020-11-08,993,6427,3094,15629,8137,22056,12224,-9832,0,122,0,337,0,459,0,-459
PB,47,2020-11-15,993,6553,3094,15941,8137,22494,12224,-10270,0,126,0,312,0,438,0,-438
PB,48,2020-11-22,993,6693,3094,16267,8137,22960,12224,-10736,0,140,0,326,0,466,0,-466
PB,49,2020-11-29,993,6828,3094,16625,8137,23453,12224,-11229,0,135,0,358,0,493,0,-493
PB,50,2020-12-06,993,6943,3094,16953,8137,23896,12224,-11672,0,115,0,328,0,443,0,-443
PB,51,2020-12-13,993,7069,3094,17257,8137,24326,12224,-12102,0,126,0,304,0,430,0,-430
PB,52,2020-12-20,993,7185,3094,17567,8137,24752,12224,-12528,0,116,0,310,0,426,0,-426
PB,53,2020-12-27,993,7267,3094,17785,8137,25052,12224,-12828,0,82,0,218,0,300,0,-300
PE,1,2020-01-01,0,139,131,513,485,652,616,-36,0,139,131,513,485,652,616,-36
PE,2,2020-01-05,0,363,377,1287,1347,1650,1724,74,0,224,246,774,862,998,1108,110
PE,3,2020-01-12,0,600,640,2141,2152,2741,2792,51,0,237,263,854,805,1091,1068,-23
PE,4,2020-01-19,0,818,888,2981,3048,3799,3936,137,0,218,248,840,896,1058,1144,86
PE,5,2020-01-26,0,1068,1134,3740,3875,4808,5009,201,0,250,246,759,827,1009,1073,64
PE,6,2020-02-02,0,1279,1379,4527,4717,5806,6096,290,0,211,245,787,842,998,1087,89
PE,7,2020-02-09,0,1507,1627,5351,5534,6858,7161,303,0,228,248,824,817,1052,1065,13
PE,8,2020-02-16,1,1755,1877,6168,6382,7923,8260,337,1,248,250,817,848,1065,1099,34
PE,9,2020-02-23,1,1974,2151,6919,7244,8893,9396,503,0,219,274,751,862,970,1136,166
PE,10,2020-03-01,1,2203,2434,7763,8121,9966,10556,590,0,229,283,844,877,1073,1160,87
PE,11,2020-03-08,1,2434,2717,8597,9032,11031,11750,719,0,231,283,834,911,1065,1194,129
PE,12,2020-03-15,5,2703,2973,9454,9927,12157,12905,748,4,269,256,857,895,1126,1155,29
PE,13,2020-03-22,11,2992,3227,10334,10865,13326,14103,777,6,289,254,880,938,1169,1198,29
PE,14,2020-03-29,21,3234,3504,11242,11738,14476,15263,787,10,242,277,908,873,1150,1160,10
PE,15,2020-04-05,52,3481,3830,12138,12668,15619,16550,931,31,247,326,896,930,1143,1287,144
PE,16,2020-04-12,128,3734,4211,12988,13639,16722,17978,1256,76,253,381,850,971,1103,1428,325
PE,17,2020-04-19,266,4023,4673,13861,14480,17884,19419,1535,138,289,462,873,841,1162,1441,279
PE,18,2020-04-26,479,4289,5247,14750,15396,19039,21122,2083,213,266,574,889,916,1155,1703,548
PE,19,2020-05-03,813,4554,5967,15621,16431,20175,23211,3036,334,265,720,871,1035,1136,2089,953
PE,20,2020-05-10,1286,4829,6588,16472,17413,21301,25287,3986,473,275,621,851,982,1126,2076,950
PE,21,2020-05-17,1759,5114,7076,17398,18357,22512,27192,4680,473,285,488,926,944,1211,1905,694
PE,22,2020-05-24,2237,5367,7490,18242,19223,23609,28950,5341,478,253,414,844,866,1097,1758,661
PE,23,2020-05-31,2580,5593,7830,19171,20019,24764,30429,5665,343,226,340,929,796,1155,1479,324
PE,24,2020-06-07,2894,5883,8153,20078,20758,25961,31805,5844,314,290,323,907,739,1197,1376,179
PE,25,2020-06-14,3111,6148,8373,20968,21468,27116,32952,5836,217,265,220,890,710,1155,1147,-8
PE,26,2020-06-21,3244,6418,8509,21855,21910,28273,33663,5390,133,270,136,887,442,1157,711,-446
PE,27,2020-06-28,3254,6714,8517,22784,21956,29498,33727,4229,10,296,8,929,46,1225,64,-1161
PE,28,2020-07-05,3254,7002,8517,23721,21956,30723,33727,3004,0,288,0,937,0,1225,0,-1225
PE,29,2020-07-12,3254,7270,8517,24604,21956,31874,33727,1853,0,268,0,883,0,1151,0,-1151
PE,30,2020-07-19,3254,7529,8517,25491,21956,33020,33727,707,0,259,0,887,0,1146,0,-1146
PE,31,2020-07-26,3254,7784,8517,26398,21956,34182,33727,-455,0,255,0,907,0,1162,0,-1162
PE,32,2020-08-02,3254,8041,8517,27303,21956,35344,33727,-1617,0,257,0,905,0,1162,0,-1162
PE,33,2020-08-09,3254,8304,8517,28188,21956,36492,33727,-2765,0,263,0,885,0,1148,0,-1148
PE,34,2020-08-16,3254,8579,8517,29059,21956,37638,33727,-3911,0,275,0,871,0,1146,0,-1146
PE,35,2020-08-23,3254,8849,8517,29921,21956,38770,33727,-5043,0,270,0,862,0,1132,0,-1132
PE,36,2020-08-30,3254,9077,8517,30814,21956,39891,33727,-6164,0,228,0,893,0,1121,0,-1121
PE,37,2020-09-06,3254,9323,8517,31710,21956,41033,33727,-7306,0,246,0,896,0,1142,0,-1142
PE,38,2020-09-13,3254,9597,8517,32580,21956,42177,33727,-8450,0,274,0,870,0,1144,0,-1144
PE,39,2020-09-20,3254,9854,8517,33427,21956,43281,33727,-9554,0,257,0,847,0,1104,0,-1104
PE,40,2020-09-27,3254,10082,8517,34293,21956,44375,33727,-10648,0,228,0,866,0,1094,0,-1094
PE,41,2020-10-04,3254,10365,8517,35109,21956,45474,33727,-11747,0,283,0,816,0,1099,0,-1099
PE,42,2020-10-11,3254,10614,8517,35925,21956,46539,33727,-12812,0,249,0,816,0,1065,0,-1065
PE,43,2020-10-18,3254,10880,8517,36781,21956,47661,33727,-13934,0,266,0,856,0,1122,0,-1122
PE,44,2020-10-25,3254,11131,8517,37579,21956,48710,33727,-14983,0,251,0,798,0,1049,0,-1049
PE,45,2020-11-01,3254,11387,8517,38408,21956,49795,33727,-16068,0,256,0,829,0,1085,0,-1085
PE,46,2020-11-08,3254,11630,8517,39283,21956,50913,33727,-17186,0,243,0,875,0,1118,0,-1118
PE,47,2020-11-15,3254,11861,8517,40152,21956,52013,33727,-18286,0,231,0,869,0,1100,0,-1100
PE,48,2020-11-22,3254,12121,8517,41031,21956,53152,33727,-19425,0,260,0,879,0,1139,0,-1139
PE,49,2020-11-29,3254,12364,8517,41859,21956,54223,33727,-20496,0,243,0,828,0,1071,0,-1071
PE,50,2020-12-06,3254,12638,8517,42747,21956,55385,33727,-21658,0,274,0,888,0,1162,0,-1162
PE,51,2020-12-13,3254,12891,8517,43613,21956,56504,33727,-22777,0,253,0,866,0,1119,0,-1119
PE,52,2020-12-20,3254,13143,8517,44509,21956,57652,33727,-23925,0,252,0,896,0,1148,0,-1148
PE,53,2020-12-27,3254,13331,8517,45119,21956,58450,33727,-24723,0,188,0,610,0,798,0,-798
PI,1,2020-01-01,0,42,38,94,88,136,126,-10,0,42,38,94,88,136,126,-10
PI,2,2020-01-05,0,120,98,255,237,375,335,-40,0,78,60,161,149,239,209,-30
PI,3,2020-01-12,0,215,156,439,354,654,510,-144,0,95,58,184,117,279,175,-104
PI,4,2020-01-19,0,284,225,585,495,869,720,-149,0,69,69,146,141,215,210,-5
PI,5,2020-01-26,0,361,300,741,634,1102,934,-168,0,77,75,156,139,233,214,-19
PI,6,2020-02-02,0,434,356,896,801,1330,1157,-173,0,73,56,155,167,228,223,-5
PI,7,2020-02-09,0,516,430,1053,965,1569,1395,-174,0,82,74,157,164,239,238,-1
PI,8,2020-02-16,0,594,494,1240,1102,1834,1596,-238,0,78,64,187,137,265,201,-64
PI,9,2020-02-23,0,671,557,1368,1254,2039,1811,-228,0,77,63,128,152,205,215,10
PI,10,2020-03-01,0,749,633,1525,1381,2274,2014,-260,0,78,76,157,127,235,203,-32
PI,11,2020-03-08,0,850,702,1696,1521,2546,2223,-323,0,101,69,171,140,272,209,-63
PI,12,2020-03-15,0,934,785,1866,1669,2800,2454,-346,0,84,83,170,148,254,231,-23
PI,13,2020-03-22,2,1015,872,2040,1835,3055,2709,-346,2,81,87,174,166,255,255,0
PI,14,2020-03-29,4,1097,971,2214,1998,3311,2973,-338,2,82,99,174,163,256,264,8
PI,15,2020-04-05,7,1185,1037,2394,2174,3579,3218,-361,3,88,66,180,176,268,245,-23
PI,16,2020-04-12,10,1291,1100,2570,2325,3861,3435,-426,3,106,63,176,151,282,217,-65
PI,17,2020-04-19,16,1397,1154,2744,2480,4141,3650,-491,6,106,54,174,155,280,215,-65
PI,18,2020-04-26,24,1497,1208,2925,2623,4422,3855,-567,8,100,54,181,143,281,205,-76
PI,19,2020-05-03,35,1608,1260,3108,2770,4716,4065,-651,11,111,52,183,147,294,210,-84
PI,20,2020-05-10,47,1711,1316,3267,2895,4978,4258,-720,12,103,56,159,125,262,193,-69
PI,21,2020-05-17,69,1795,1349,3433,3006,5228,4424,-804,22,84,33,166,111,250,166,-84
PI,22,2020-05-24,103,1906,1401,3587,3105,5493,4609,-884,34,111,52,154,99,265,185,-80
PI,23,2020-05-31,144,2009,1444,3739,3214,5748,4802,-946,41,103,43,152,109,255,193,-62
PI,24,2020-06-07,167,2111,1479,3887,3275,5998,4921,-1077,23,102,35,148,61,250,119,-131
PI,25,2020-06-14,177,2198,1494,4051,3304,6249,4975,-1274,10,87,15,164,29,251,54,-197
PI,26,2020-06-21,179,2296,1496,4211,3314,6507,4989,-1518,2,98,2,160,10,258,14,-244
PI,27,2020-06-28,179,2388,1496,4394,3314,6782,4989,-1793,0,92,0,183,0,275,0,-275
PI,28,2020-07-05,179,2477,1496,4561,3314,7038,4989,-2049,0,89,0,167,0,256,0,-256
PI,29,2020-07-12,179,2550,1496,4730,3314,7280,4989,-2291,0,73,0,169,0,242,0,-242
PI,30,2020-07-19,179,2629,1496,4878,3314,7507,4989,-2518,0,79,0,148,0,227,0,-227
PI,31,2020-07-26,179,2708,1496,5027,3314,7735,4989,-2746,0,79,0,149,0,228,0,-228
PI,32,2020-08-02,179,2776,1496,5169,3314,7945,4989,-2956,0,68,0,142,0,210,0,-210
PI,33,2020-08-09,179,2855,1496,5335,3314,8190,4989,-3201,0,79,0,166,0,245,0,-245
PI,34,2020-08-16,179,2925,1496,5493,3314,8418,4989,-3429,0,70,0,158,0,228,0,-228
PI,35,2020-08-23,179,2992,1496,5658,3314,8650,4989,-3661,0,67,0,165,0,232,0,-232
PI,36,2020-08-30,179,3059,1496,5798,3314,8857,4989,-3868,0,67,0,140,0,207,0,-207
PI,37,2020-09-06,179,3141,1496,5967,3314,9108,4989,-4119,0,82,0,169,0,251,0,-251
PI,38,2020-09-13,179,3217,1496,6132,3314,9349,4989,-4360,0,76,0,165,0,241,0,-241
PI,39,2020-09-20,179,3311,1496,6281,3314,9592,4989,-4603,0,94,0,149,0,243,0,-243
PI,40,2020-09-27,179,3398,1496,6434,3314,9832,4989,-4843,0,87,0,153,0,240,0,-240
PI,41,2020-10-04,179,3483,1496,6581,3314,10064,4989,-5075,0,85,0,147,0,232,0,-232
PI,42,2020-10-11,179,3570,1496,6735,3314,10305,4989,-5316,0,87,0,154,0,241,0,-241
PI,43,2020-10-18,179,3656,1496,6876,3314,10532,4989,-5543,0,86,0,141,0,227,0,-227
PI,44,2020-10-25,179,3727,1496,7051,3314,10778,4989,-5789,0,71,0,175,0,246,0,-246
PI,45,2020-11-01,179,3798,1496,7198,3314,10996,4989,-6007,0,71,0,147,0,218,0,-218
PI,46,2020-11-08,179,3871,1496,7339,3314,11210,4989,-6221,0,73,0,141,0,214,0,-214
PI,47,2020-11-15,179,3948,1496,7498,3314,11446,4989,-6457,0,77,0,159,0,236,0,-236
PI,48,2020-11-22,179,4034,1496,7648,3314,11682,4989,-6693,0,86,0,150,0,236,0,-236
PI,49,2020-11-29,179,4104,1496,7798,3314,11902,4989,-6913,0,70,0,150,0,220,0,-220
PI,50,2020-12-06,179,4159,1496,7954,3314,12113,4989,-7124,0,55,0,156,0,211,0,-211
PI,51,2020-12-13,179,4231,1496,8075,3314,12306,4989,-7317,0,72,0,121,0,193,0,-193
PI,52,2020-12-20,179,4294,1496,8210,3314,12504,4989,-7515,0,63,0,135,0,198,0,-198
PI,53,2020-12-27,179,4346,1496,8303,3314,12649,4989,-7660,0,52,0,93,0,145,0,-145
PR,1,2020-01-01,0,166,175,506,466,672,641,-31,0,166,175,506,466,672,641,-31
PR,2,2020-01-05,0,444,508,1319,1367,1763,1875,112,0,278,333,813,901,1091,1234,143
PR,3,2020-01-12,0,715,828,2194,2167,2909,2995,86,0,271,320,875,800,1146,1120,-26
PR,4,2020-01-19,0,1011,1114,3070,2957,4081,4071,-10,0,296,286,876,790,1172,1076,-96
PR,5,2020-01-26,0,1310,1448,3903,3824,5213,5272,59,0,299,334,833,867,1132,1201,69
PR,6,2020-02-02,0,1628,1737,4737,4684,6365,6421,56,0,318,289,834,860,1152,1149,-3
PR,7,2020-02-09,0,1931,2013,5561,5570,7492,7583,91,0,303,276,824,886,1127,1162,35
PR,8,2020-02-16,0,2197,2324,6326,6461,8523,8785,262,0,266,311,765,891,1031,1202,171
PR,9,2020-02-23,0,2438,2629,7000,7301,9438,9930,492,0,241,305,674,840,915,1145,230
PR,10,2020-03-01,0,2714,2928,7891,8237,10605,11165,560,0,276,299,891,936,1167,1235,68
PR,11,2020-03-08,0,3028,3254,8727,9135,11755,12389,634,0,314,326,836,898,1150,1224,74
PR,12,2020-03-15,1,3327,3628,9540,10055,12867,13684,817,1,299,374,813,920,1112,1295,183
PR,13,2020-03-22,2,3608,3985,10354,10902,13962,14889,927,1,281,357,814,847,1095,1205,110
PR,14,2020-03-29,15,3921,4295,11215,11771,15136,16081,945,13,313,310,861,869,1174,1192,18
PR,15,2020-04-05,43,4249,4623,12082,12647,16331,17313,982,28,328,328,867,876,1195,1232,37
PR,16,2020-04-12,82,4578,4897,12923,13554,17501,18533,1032,39,329,274,841,907,1170,1220,50
PR,17,2020-04-19,142,4853,5178,13767,14366,18620,19686,1066,60,275,281,844,812,1119,1153,34
PR,18,2020-04-26,217,5197,5457,14639,15160,19836,20834,998,75,344,279,872,794,1216,1148,-68
PR,19,2020-05-03,283,5544,5711,15484,16018,21028,22012,984,66,347,254,845,858,1192,1178,-14
PR,20,2020-05-10,370,5889,5970,16428,16863,22317,23203,886,87,345,259,944,845,1289,1191,-98
PR,21,2020-05-17,472,6247,6211,17405,17708,23652,24391,739,102,358,241,977,845,1335,1188,-147
PR,22,2020-05-24,576,6614,6468,18410,18563,25024,25607,583,104,367,257,1005,855,1372,1216,-156
PR,23,2020-05-31,716,6966,6705,19338,19501,26304,26922,618,140,352,237,928,938,1280,1315,35
PR,24,2020-06-07,866,7373,6971,20347,20432,27720,28269,549,150,407,266,1009,931,1416,1347,-69
PR,25,2020-06-14,1015,7779,7212,21274,21200,29053,29427,374,149,406,241,927,768,1333,1158,-175
PR,26,2020-06-21,1134,8182,7353,22272,21669,30454,30156,-298,119,403,141,998,469,1401,729,-672
PR,27,2020-06-28,1142,8607,7359,23232,21693,31839,30194,-1645,8,425,6,960,24,1385,38,-1347
PR,28,2020-07-05,1142,9020,7359,24265,21693,33285,30194,-3091,0,413,0,1033,0,1446,0,-1446
PR,29,2020-07-12,1142,9447,7359,25266,21693,34713,30194,-4519,0,427,0,1001,0,1428,0,-1428
PR,30,2020-07-19,1142,9905,7359,26256,21693,36161,30194,-5967,0,458,0,990,0,1448,0,-1448
PR,31,2020-07-26,1142,10301,7359,27206,21693,37507,30194,-7313,0,396,0,950,0,1346,0,-1346
PR,32,2020-08-02,1142,10726,7359,28062,21693,38788,30194,-8594,0,425,0,856,0,1281,0,-1281
PR,33,2020-08-09,1142,11097,7359,28999,21693,40096,30194,-9902,0,371,0,937,0,1308,0,-1308
PR,34,2020-08-16,1142,11465,7359,29937,21693,41402,30194,-11208,0,368,0,938,0,1306,0,-1306
PR,35,2020-08-23,1142,11839,7359,30811,21693,42650,30194,-12456,0,374,0,874,0,1248,0,-1248
PR,36,2020-08-30,1142,12242,7359,31762,21693,44004,30194,-13810,0,403,0,951,0,1354,0,-1354
PR,37,2020-09-06,1142,12648,7359,32770,21693,45418,30194,-15224,0,406,0,1008,0,1414,0,-1414
PR,38,2020-09-13,1142,13061,7359,33634,21693,46695,30194,-16501,0,413,0,864,0,1277,0,-1277
PR,39,2020-09-20,1142,13396,7359,34447,21693,47843,30194,-17649,0,335,0,813,0,1148,0,-1148
PR,40,2020-09-27,1142,13712,7359,35346,21693,49058,30194,-18864,0,316,0,899,0,1215,0,-1215
PR,41,2020-10-04,1142,14034,7359,36157,21693,50191,30194,-19997,0,322,0,811,0,1133,0,-1133
PR,42,2020-10-11,1142,14398,7359,37070,21693,51468,30194,-21274,0,364,0,913,0,1277,0,-1277
PR,43,2020-10-18,1142,14731,7359,37847,21693,52578,30194,-22384,0,333,0,777,0,1110,0,-1110
PR,44,2020-10-25,1142,15086,7359,38721,21693,53807,30194,-23613,0,355,0,874,0,1229,0,-1229
PR,45,2020-11-01,1142,15444,7359,39646,21693,55090,30194,-24896,0,358,0,925,0,1283,0,-1283
PR,46,2020-11-08,1142,15738,7359,40500,21693,56238,30194,-26044,0,294,0,854,0,1148,0,-1148
PR,47,2020-11-15,1142,16012,7359,41368,21693,57380,30194,-27186,0,274,0,868,0,1142,0,-1142
PR,48,2020-11-22,1142,16311,7359,42207,21693,58518,30194,-28324,0,299,0,839,0,1138,0,-1138
PR,49,2020-11-29,1142,16608,7359,43080,21693,59688,30194,-29494,0,297,0,873,0,1170,0,-1170
PR,50,2020-12-06,1142,16893,7359,43943,21693,60836,30194,-30642,0,285,0,863,0,1148,0,-1148
PR,51,2020-12-13,1142,17203,7359,44764,21693,61967,30194,-31773,0,310,0,821,0,1131,0,-1131
PR,52,2020-12-20,1142,17509,7359,45675,21693,63184,30194,-32990,0,306,0,911,0,1217,0,-1217
PR,53,2020-12-27,1142,17743,7359,46293,21693,64036,30194,-33842,0,234,0,618,0,852,0,-852
RJ,1,2020-01-01,0,317,410,1096,1025,1413,1435,22,0,317,410,1096,1025,1413,1435,22
RJ,2,2020-01-05,0,915,1068,2871,2805,3786,3873,87,0,598,658,1775,1780,2373,2438,65
RJ,3,2020-01-12,0,1534,1727,4681,4620,6215,6347,132,0,619,659,1810,1815,2429,2474,45
RJ,4,2020-01-19,0,2121,2370,6559,6311,8680,8681,1,0,587,643,1878,1691,2465,2334,-131
RJ,5,2020-01-26,0,2706,3052,8459,8055,11165,11107,-58,0,585,682,1900,1744,2485,2426,-59
RJ,6,2020-02-02,0,3255,3704,10262,9766,13517,13470,-47,0,549,652,1803,1711,2352,2363,11
RJ,7,2020-02-09,0,3852,4293,11983,11454,15835,15747,-88,0,597,589,1721,1688,2318,2277,-41
RJ,8,2020-02-16,0,4401,4902,13694,13293,18095,18195,100,0,549,609,1711,1839,2260,2448,188
RJ,9,2020-02-23,0,4863,5511,15296,14966,20159,20477,318,0,462,609,1602,1673,2064,2282,218
RJ,10,2020-03-01,0,5450,6143,17149,16801,22599,22944,345,0,587,632,1853,1835,2440,2467,27
RJ,11,2020-03-08,0,6013,6786,18860,18583,24873,25369,496,0,563,643,1711,1782,2274,2425,151
RJ,12,2020-03-15,3,6593,7522,20598,20412,27191,27937,746,3,580,736,1738,1829,2318,2568,250
RJ,13,2020-03-22,31,7178,8164,22174,22074,29352,30269,917,28,585,642,1576,1662,2161,2332,171
RJ,14,2020-03-29,152,7813,8816,23806,23762,31619,32730,1111,121,635,652,1632,1688,2267,2461,194
RJ,15,2020-04-05,377,8451,9500,25680,25390,34131,35267,1136,225,638,684,1874,1628,2512,2537,25
RJ,16,2020-04-12,841,9162,10388,27745,27196,36907,38425,1518,464,711,888,2065,1806,2776,3158,382
RJ,17,2020-04-19,1667,9888,11474,29767,29124,39655,42265,2610,826,726,1086,2022,1928,2748,3840,1092
RJ,18,2020-04-26,2949,10602,12560,31696,31191,42298,46700,4402,1282,714,1086,1929,2067,2643,4435,1792
RJ,19,2020-05-03,4495,11329,13563,33797,33225,45126,51283,6157,1546,727,1003,2101,2034,2828,4583,1755
RJ,20,2020-05-10,5961,12082,14450,35792,35163,47874,55574,7700,1466,753,887,1995,1938,2748,4291,1543
RJ,21,2020-05-17,7229,12890,15175,37885,36949,50775,59353,8578,1268,808,725,2093,1786,2901,3779,878
RJ,22,2020-05-24,8401,13682,15880,39944,38704,53626,62985,9359,1172,792,705,2059,1755,2851,3632,781
RJ,23,2020-05-31,9382,14473,16556,41994,40422,56467,66360,9893,981,791,676,2050,1718,2841,3375,534
RJ,24,2020-06-07,10177,15257,17187,44136,42016,59393,69380,9987,795,784,631,2142,1594,2926,3020,94
RJ,25,2020-06-14,10826,16081,17782,46226,43673,62307,72281,9974,649,824,595,2090,1657,2914,2901,-13
RJ,26,2020-06-21,11271,16850,18221,48183,45061,65033,74553,9520,445,769,439,1957,1388,2726,2272,-454
RJ,27,2020-06-28,11306,17570,18261,50155,45166,67725,74733,7008,35,720,40,1972,105,2692,180,-2512
RJ,28,2020-07-05,11306,18270,18261,52112,45166,70382,74733,4351,0,700,0,1957,0,2657,0,-2657
RJ,29,2020-07-12,11306,18989,18261,54207,45166,73196,74733,1537,0,719,0,2095,0,2814,0,-2814
RJ,30,2020-07-19,11306,19720,18261,56383,45166,76103,74733,-1370,0,731,0,2176,0,2907,0,-2907
RJ,31,2020-07-26,11306,20470,18261,58342,45166,78812,74733,-4079,0,750,0,1959,0,2709,0,-2709
RJ,32,2020-08-02,11306,21152,18261,60353,45166,81505,74733,-6772,0,682,0,2011,0,2693,0,-2693
RJ,33,2020-08-09,11306,21836,18261,62241,45166,84077,74733,-9344,0,684,0,1888,0,2572,0,-2572
RJ,34,2020-08-16,11306,22532,18261,64199,45166,86731,74733,-11998,0,696,0,1958,0,2654,0,-2654
RJ,35,2020-08-23,11306,23249,18261,66170,45166,89419,74733,-14686,0,717,0,1971,0,2688,0,-2688
RJ,36,2020-08-30,11306,23917,18261,68165,45166,92082,74733,-17349,0,668,0,1995,0,2663,0,-2663
RJ,37,2020-09-06,11306,24630,18261,70165,45166,94795,74733,-20062,0,713,0,2000,0,2713,0,-2713
RJ,38,2020-09-13,11306,25343,18261,72130,45166,97473,74733,-22740,0,713,0,1965,0,2678,0,-2678
RJ,39,2020-09-20,11306,25973,18261,73918,45166,99891,74733,-25158,0,630,0,1788,0,2418,0,-2418
RJ,40,2020-09-27,11306,26543,18261,75605,45166,102148,74733,-27415,0,570,0,1687,0,2257,0,-2257
RJ,41,2020-10-04,11306,27179,18261,77293,45166,104472,74733,-29739,0,636,0,1688,0,2324,0,-2324
RJ,42,2020-10-11,11306,27826,18261,79078,45166,106904,74733,-32171,0,647,0,1785,0,2432,0,-2432
RJ,43,2020-10-18,11306,28437,18261,80774,45166,109211,74733,-34478,0,611,0,1696,0,2307,0,-2307
RJ,44,2020-10-25,11306,29072,18261,82579,45166,111651,74733,-36918,0,635,0,1805,0,2440,0,-2440
RJ,45,2020-11-01,11306,29677,18261,84200,45166,113877,74733,-39144,0,605,0,1621,0,2226,0,-2226
RJ,46,2020-11-08,11306,30314,18261,85833,45166,116147,74733,-41414,0,637,0,1633,0,2270,0,-2270
RJ,47,2020-11-15,11306,30898,18261,87474,45166,118372,74733,-43639,0,584,0,1641,0,2225,0,-2225
RJ,48,2020-11-22,11306,31567,18261,89262,45166,120829,74733,-46096,0,669,0,1788,0,2457,0,-2457
RJ,49,2020-11-29,11306,32159,18261,90957,45166,123116,74733,-48383,0,592,0,1695,0,2287,0,-2287
RJ,50,2020-12-06,11306,32787,18261,92736,45166,125523,74733,-50790,0,628,0,1779,0,2407,0,-2407
RJ,51,2020-12-13,11306,33451,18261,94572,45166,128023,74733,-53290,0,664,0,1836,0,2500,0,-2500
RJ,52,2020-12-20,11306,34090,18261,96400,45166,130490,74733,-55757,0,639,0,1828,0,2467,0,-2467
RJ,53,2020-12-27,11306,34526,18261,97612,45166,132138,74733,-57405,0,436,0,1212,0,1648,0,-1648
RN,1,2020-01-01,0,54,36,114,113,168,149,-19,0,54,36,114,113,168,149,-19
RN,2,2020-01-05,0,125,108,285,311,410,419,9,0,71,72,171,198,242,270,28
RN,3,2020-01-12,0,231,170,492,528,723,698,-25,0,106,62,207,217,313,279,-34
RN,4,2020-01-19,0,321,264,708,759,1029,1023,-6,0,90,94,216,231,306,325,19
RN,5,2020-01-26,0,400,330,890,984,1290,1314,24,0,79,66,182,225,261,291,30
RN,6,2020-02-02,0,475,411,1065,1224,1540,1635,95,0,75,81,175,240,250,321,71
RN,7,2020-02-09,0,545,495,1236,1417,1781,1912,131,0,70,84,171,193,241,277,36
RN,8,2020-02-16,0,617,573,1419,1619,2036,2192,156,0,72,78,183,202,255,280,25
RN,9,2020-02-23,0,698,667,1565,1818,2263,2485,222,0,81,94,146,199,227,293,66
RN,10,2020-03-01,0,786,763,1770,2019,2556,2782,226,0,88,96,205,201,293,297,4
RN,11,2020-03-08,0,865,866,1981,2221,2846,3087,241,0,79,103,211,202,290,305,15
RN,12,2020-03-15,0,948,957,2193,2393,3141,3350,209,0,83,91,212,172,295,263,-32
RN,13,2020-03-22,6,1043,1054,2390,2603,3433,3663,230,6,95,97,197,210,292,313,21
RN,14,2020-03-29,8,1141,1150,2585,2802,3726,3960,234,2,98,96,195,199,293,297,4
RN,15,2020-04-05,18,1239,1225,2793,2986,4032,4229,197,10,98,75,208,184,306,269,-37
RN,16,2020-04-12,21,1348,1308,3032,3193,4380,4522,142,3,109,83,239,207,348,293,-55
RN,17,2020-04-19,29,1454,1390,3264,3386,4718,4805,87,8,106,82,232,193,338,283,-55
RN,18,2020-04-26,47,1573,1460,3470,3579,5043,5086,43,18,119,70,206,193,325,281,-44
RN,19,2020-05-03,64,1673,1529,3700,3776,5373,5369,-4,17,100,69,230,197,330,283,-47
RN,20,2020-05-10,105,1778,1615,3914,3977,5692,5697,5,41,105,86,214,201,319,328,9
RN,21,2020-05-17,161,1877,1703,4138,4181,6015,6045,30,56,99,88,224,204,323,348,25
RN,22,2020-05-24,251,1979,1782,4323,4414,6302,6447,145,90,102,79,185,233,287,402,115
RN,23,2020-05-31,374,2075,1831,4495,4619,6570,6824,254,123,96,49,172,205,268,377,109
RN,24,2020-06-07,508,2184,1916,4688,4814,6872,7238,366,134,109,85,193,195,302,414,112
RN,25,2020-06-14,562,2279,1947,4913,4911,7192,7420,228,54,95,31,225,97,320,182,-138
RN,26,2020-06-21,574,2363,1952,5134,4928,7497,7454,-43,12,84,5,221,17,305,34,-271
RN,27,2020-06-28,574,2466,1952,5350,4930,7816,7456,-360,0,103,0,216,2,319,2,-317
RN,28,2020-07-05,574,2566,1952,5603,4930,8169,7456,-713,0,100,0,253,0,353,0,-353
RN,29,2020-07-12,574,2655,1952,5811,4930,8466,7456,-1010,0,89,0,208,0,297,0,-297
RN,30,2020-07-19,574,2739,1952,6015,4930,8754,7456,-1298,0,84,0,204,0,288,0,-288
RN,31,2020-07-26,574,2820,1952,6220,4930,9040,7456,-1584,0,81,0,205,0,286,0,-286
RN,32,2020-08-02,574,2900,1952,6431,4930,9331,7456,-1875,0,80,0,211,0,291,0,-291
RN,33,2020-08-09,574,2983,1952,6614,4930,9597,7456,-2141,0,83,0,183,0,266,0,-266
RN,34,2020-08-16,574,3065,1952,6811,4930,9876,7456,-2420,0,82,0,197,0,279,0,-279
RN,35,2020-08-23,574,3135,1952,7020,4930,10155,7456,-2699,0,70,0,209,0,279,0,-279
RN,36,2020-08-30,574,3205,1952,7233,4930,10438,7456,-2982,0,70,0,213,0,283,0,-283
RN,37,2020-09-06,574,3298,1952,7439,4930,10737,7456,-3281,0,93,0,206,0,299,0,-299
RN,38,2020-09-13,574,3370,1952,7623,4930,10993,7456,-3537,0,72,0,184,0,256,0,-256
RN,39,2020-09-20,574,3448,1952,7832,4930,11280,7456,-3824,0,78,0,209,0,287,0,-287
RN,40,2020-09-27,574,3533,1952,8043,4930,11576,7456,-4120,0,85,0,211,0,296,0,-296
RN,41,2020-10-04,574,3605,1952,8229,4930,11834,7456,-4378,0,72,0,186,0,258,0,-258
RN,42,2020-10-11,574,3667,1952,8444,4930,12111,7456,-4655,0,62,0,215,0,277,0,-277
RN,43,2020-10-18,574,3744,1952,8643,4930,12387,7456,-4931,0,77,0,199,0,276,0,-276
RN,44,2020-10-25,574,3834,1952,8834,4930,12668,7456,-5212,0,90,0,191,0,281,0,-281
RN,45,2020-11-01,574,3898,1952,9035,4930,12933,7456,-5477,0,64,0,201,0,265,0,-265
RN,46,2020-11-08,574,3970,1952,9232,4930,13202,7456,-5746,0,72,0,197,0,269,0,-269
RN,47,2020-11-15,574,4039,1952,9401,4930,13440,7456,-5984,0,69,0,169,0,238,0,-238
RN,48,2020-11-22,574,4110,1952,9611,4930,13721,7456,-6265,0,71,0,210,0,281,0,-281
RN,49,2020-11-29,574,4180,1952,9795,4930,13975,7456,-6519,0,70,0,184,0,254,0,-254
RN,50,2020-12-06,574,4265,1952,9975,4930,14240,7456,-6784,0,85,0,180,0,265,0,-265
RN,51,2020-12-13,574,4340,1952,10153,4930,14493,7456,-7037,0,75,0,178,0,253,0,-253
RN,52,2020-12-20,574,4415,1952,10348,4930,14763,7456,-7307,0,75,0,195,0,270,0,-270
RN,53,2020-12-27,574,4460,1952,10505,4930,14965,7456,-7509,0,45,0,157,0,202,0,-202
RO,1,2020-01-01,0,25,12,58,27,83,39,-44,0,25,12,58,27,83,39,-44
RO,2,2020-01-05,0,67,37,160,92,227,129,-98,0,42,25,102,65,144,90,-54
RO,3,2020-01-12,0,92,56,284,164,376,220,-156,0,25,19,124,72,149,91,-58
RO,4,2020-01-19,0,123,87,402,244,525,331,-194,0,31,31,118,80,149,111,-38
RO,5,2020-01-26,0,146,117,519,319,665,436,-229,0,23,30,117,75,140,105,-35
RO,6,2020-02-02,0,176,163,605,406,781,569,-212,0,30,46,86,87,116,133,17
RO,7,2020-02-09,0,210,188,717,507,927,695,-232,0,34,25,112,101,146,126,-20
RO,8,2020-02-16,0,241,222,822,601,1063,823,-240,0,31,34,105,94,136,128,-8
RO,9,2020-02-23,0,286,259,893,706,1179,965,-214,0,45,37,71,105,116,142,26
RO,10,2020-03-01,0,310,297,955,802,1265,1099,-166,0,24,38,62,96,86,134,48
RO,11,2020-03-08,0,337,333,1028,916,1365,1249,-116,0,27,36,73,114,100,150,50
RO,12,2020-03-15,0,363,386,1090,1028,1453,1414,-39,0,26,53,62,112,88,165,77
RO,13,2020-03-22,1,391,429,1162,1129,1553,1559,6,1,28,43,72,101,100,145,45
RO,14,2020-03-29,2,422,467,1243,1217,1665,1686,21,1,31,38,81,88,112,127,15
RO,15,2020-04-05,4,487,502,1356,1312,1843,1818,-25,2,65,35,113,95,178,132,-46
RO,16,2020-04-12,8,536,531,1469,1405,2005,1944,-61,4,49,29,113,93,162,126,-36
RO,17,2020-04-19,14,582,558,1602,1500,2184,2072,-112,6,46,27,133,95,179,128,-51
RO,18,2020-04-26,30,623,608,1719,1621,2342,2259,-83,16,41,50,117,121,158,187,29
RO,19,2020-05-03,53,667,640,1839,1736,2506,2429,-77,23,44,32,120,115,164,170,6
RO,20,2020-05-10,140,712,684,1941,1860,2653,2684,31,87,45,44,102,124,147,255,108
RO,21,2020-05-17,234,759,740,2041,1995,2800,2969,169,94,47,56,100,135,147,285,138
RO,22,2020-05-24,315,795,774,2146,2124,2941,3213,272,81,36,34,105,129,141,244,103
RO,23,2020-05-31,322,846,795,2235,2222,3081,3339,258,7,51,21,89,98,140,126,-14
RO,24,2020-06-07,344,878,820,2346,2287,3224,3451,227,22,32,25,111,65,143,112,-31
RO,25,2020-06-14,364,900,837,2474,2339,3374,3540,166,20,22,17,128,52,150,89,-61
RO,26,2020-06-21,374,926,848,2568,2386,3494,3608,114,10,26,11,94,47,120,68,-52
RO,27,2020-06-28,374,958,850,2667,2386,3625,3610,-15,0,32,2,99,0,131,2,-129
RO,28,2020-07-05,374,1002,850,2775,2386,3777,3610,-167,0,44,0,108,0,152,0,-152
RO,29,2020-07-12,374,1042,850,2871,2386,3913,3610,-303,0,40,0,96,0,136,0,-136
RO,30,2020-07-19,374,1084,850,2962,2386,4046,3610,-436,0,42,0,91,0,133,0,-133
RO,31,2020-07-26,374,1119,850,3055,2386,4174,3610,-564,0,35,0,93,0,128,0,-128
RO,32,2020-08-02,374,1144,850,3109,2386,4253,3610,-643,0,25,0,54,0,79,0,-79
RO,33,2020-08-09,374,1178,850,3185,2386,4363,3610,-753,0,34,0,76,0,110,0,-110
RO,34,2020-08-16,374,1203,850,3247,2386,4450,3610,-840,0,25,0,62,0,87,0,-87
RO,35,2020-08-23,374,1224,850,3313,2386,4537,3610,-927,0,21,0,66,0,87,0,-87
RO,36,2020-08-30,374,1268,850,3408,2386,4676,3610,-1066,0,44,0,95,0,139,0,-139
RO,37,2020-09-06,374,1311,850,3517,2386,4828,3610,-1218,0,43,0,109,0,152,0,-152
RO,38,2020-09-13,374,1347,850,3646,2386,4993,3610,-1383,0,36,0,129,0,165,0,-165
RO,39,2020-09-20,374,1386,850,3761,2386,5147,3610,-1537,0,39,0,115,0,154,0,-154
RO,40,2020-09-27,374,1417,850,3870,2386,5287,3610,-1677,0,31,0,109,0,140,0,-140
RO,41,2020-10-04,374,1444,850,3955,2386,5399,3610,-1789,0,27,0,85,0,112,0,-112
RO,42,2020-10-11,374,1489,850,4059,2386,5548,3610,-1938,0,45,0,104,0,149,0,-149
RO,43,2020-10-18,374,1507,850,4152,2386,5659,3610,-2049,0,18,0,93,0,111,0,-111
RO,44,2020-10-25,374,1531,850,4240,2386,5771,3610,-2161,0,24,0,88,0,112,0,-112
RO,45,2020-11-01,374,1563,850,4343,2386,5906,3610,-2296,0,32,0,103,0,135,0,-135
RO,46,2020-11-08,374,1596,850,4432,2386,6028,3610,-2418,0,33,0,89,0,122,0,-122
RO,47,2020-11-15,374,1622,850,4545,2386,6167,3610,-2557,0,26,0,113,0,139,0,-139
RO,48,2020-11-22,374,1658,850,4658,2386,6316,3610,-2706,0,36,0,113,0,149,0,-149
RO,49,2020-11-29,374,1702,850,4764,2386,6466,3610,-2856,0,44,0,106,0,150,0,-150
RO,50,2020-12-06,374,1739,850,4860,2386,6599,3610,-2989,0,37,0,96,0,133,0,-133
RO,51,2020-12-13,374,1781,850,4962,2386,6743,3610,-3133,0,42,0,102,0,144,0,-144
RO,52,2020-12-20,374,1807,850,5056,2386,6863,3610,-3253,0,26,0,94,0,120,0,-120
RO,53,2020-12-27,374,1835,850,5126,2386,6961,3610,-3351,0,28,0,70,0,98,0,-98
RR,1,2020-01-01,0,3,7,9,22,12,29,17,0,3,7,9,22,12,29,17
RR,2,2020-01-05,0,12,18,46,57,58,75,17,0,9,11,37,35,46,46,0
RR,3,2020-01-12,0,23,34,72,92,95,126,31,0,11,16,26,35,37,51,14
RR,4,2020-01-19,0,31,47,108,119,139,166,27,0,8,13,36,27,44,40,-4
RR,5,2020-01-26,0,35,56,136,151,171,207,36,0,4,9,28,32,32,41,9
RR,6,2020-02-02,0,42,64,161,175,203,239,36,0,7,8,25,24,32,32,0
RR,7,2020-02-09,0,50,74,181,209,231,283,52,0,8,10,20,34,28,44,16
RR,8,2020-02-16,0,63,82,195,242,258,324,66,0,13,8,14,33,27,41,14
RR,9,2020-02-23,0,67,89,212,272,279,361,82,0,4,7,17,30,21,37,16
RR,10,2020-03-01,0,77,101,234,305,311,406,95,0,10,12,22,33,32,45,13
RR,11,2020-03-08,0,84,107,256,335,340,442,102,0,7,6,22,30,29,36,7
RR,12,2020-03-15,0,92,124,286,372,378,496,118,0,8,17,30,37,38,54,16
RR,13,2020-03-22,0,99,133,320,400,419,533,114,0,7,9,34,28,41,37,-4
RR,14,2020-03-29,1,108,141,355,432,463,574,111,1,9,8,35,32,44,41,-3
RR,15,2020-04-05,2,116,152,383,471,499,625,126,1,8,11,28,39,36,51,15
RR,16,2020-04-12,2,128,160,409,502,537,664,127,0,12,8,26,31,38,39,1
RR,17,2020-04-19,2,141,172,437,529,578,703,125,0,13,12,28,27,41,39,-2
RR,18,2020-04-26,6,153,183,472,544,625,733,108,4,12,11,35,15,47,30,-17
RR,19,2020-05-03,13,163,196,505,562,668,771,103,7,10,13,33,18,43,38,-5
RR,20,2020-05-10,31,179,210,534,598,713,839,126,18,16,14,29,36,45,68,23
RR,21,2020-05-17,57,195,229,561,643,756,929,173,26,16,19,27,45,43,90,47
RR,22,2020-05-24,94,207,243,595,686,802,1023,221,37,12,14,34,43,46,94,48
RR,23,2020-05-31,128,214,255,628,702,842,1085,243,34,7,12,33,16,40,62,22
RR,24,2020-06-07,158,227,261,665,719,892,1138,246,30,13,6,37,17,50,53,3
RR,25,2020-06-14,184,250,266,692,745,942,1195,253,26,23,5,27,26,50,57,7
RR,26,2020-06-21,193,265,268,710,757,975,1218,243,9,15,2,18,12,33,23,-10
RR,27,2020-06-28,194,277,268,736,757,1013,1219,206,1,12,0,26,0,38,1,-37
RR,28,2020-07-05,194,299,268,778,757,1077,1219,142,0,22,0,42,0,64,0,-64
RR,29,2020-07-12,194,316,268,812,757,1128,1219,91,0,17,0,34,0,51,0,-51
RR,30,2020-07-19,194,338,268,848,757,1186,1219,33,0,22,0,36,0,58,0,-58
RR,31,2020-07-26,194,359,268,880,757,1239,1219,-20,0,21,0,32,0,53,0,-53
RR,32,2020-08-02,194,371,268,910,757,1281,1219,-62,0,12,0,30,0,42,0,-42
RR,33,2020-08-09,194,383,268,938,757,1321,1219,-102,0,12,0,28,0,40,0,-40
RR,34,2020-08-16,194,401,268,970,757,1371,1219,-152,0,18,0,32,0,50,0,-50
RR,35,2020-08-23,194,412,268,1000,757,1412,1219,-193,0,11,0,30,0,41,0,-41
RR,36,2020-08-30,194,424,268,1039,757,1463,1219,-244,0,12,0,39,0,51,0,-51
RR,37,2020-09-06,194,440,268,1076,757,1516,1219,-297,0,16,0,37,0,53,0,-53
RR,38,2020-09-13,194,457,268,1117,757,1574,1219,-355,0,17,0,41,0,58,0,-58
RR,39,2020-09-20,194,468,268,1148,757,1616,1219,-397,0,11,0,31,0,42,0,-42
RR,40,2020-09-27,194,482,268,1183,757,1665,1219,-446,0,14,0,35,0,49,0,-49
RR,41,2020-10-04,194,494,268,1211,757,1705,1219,-486,0,12,0,28,0,40,0,-40
RR,42,2020-10-11,194,502,268,1239,757,1741,1219,-522,0,8,0,28,0,36,0,-36
RR,43,2020-10-18,194,515,268,1262,757,1777,1219,-558,0,13,0,23,0,36,0,-36
RR,44,2020-10-25,194,526,268,1293,757,1819,1219,-600,0,11,0,31,0,42,0,-42
RR,45,2020-11-01,194,538,268,1323,757,1861,1219,-642,0,12,0,30,0,42,0,-42
RR,46,2020-11-08,194,548,268,1344,757,1892,1219,-673,0,10,0,21,0,31,0,-31
RR,47,2020-11-15,194,562,268,1380,757,1942,1219,-723,0,14,0,36,0,50,0,-50
RR,48,2020-11-22,194,579,268,1412,757,1991,1219,-772,0,17,0,32,0,49,0,-49
RR,49,2020-11-29,194,590,268,1447,757,2037,1219,-818,0,11,0,35,0,46,0,-46
RR,50,2020-12-06,194,596,268,1472,757,2068,1219,-849,0,6,0,25,0,31,0,-31
RR,51,2020-12-13,194,609,268,1501,757,2110,1219,-891,0,13,0,29,0,42,0,-42
RR,52,2020-12-20,194,613,268,1519,757,2132,1219,-913,0,4,0,18,0,22,0,-22
RR,53,2020-12-27,194,624,268,1542,757,2166,1219,-947,0,11,0,23,0,34,0,-34
RS,1,2020-01-01,0,243,202,639,663,882,865,-17,0,243,202,639,663,882,865,-17
RS,2,2020-01-05,0,619,623,1597,1737,2216,2360,144,0,376,421,958,1074,1334,1495,161
RS,3,2020-01-12,0,942,992,2568,2816,3510,3808,298,0,323,369,971,1079,1294,1448,154
RS,4,2020-01-19,0,1253,1364,3504,3872,4757,5236,479,0,311,372,936,1056,1247,1428,181
RS,5,2020-01-26,0,1700,1728,4664,4919,6364,6647,283,0,447,364,1160,1047,1607,1411,-196
RS,6,2020-02-02,0,2085,2095,5637,6012,7722,8107,385,0,385,367,973,1093,1358,1460,102
RS,7,2020-02-09,0,2438,2429,6618,7067,9056,9496,440,0,353,334,981,1055,1334,1389,55
RS,8,2020-02-16,0,2787,2771,7642,8142,10429,10913,484,0,349,342,1024,1075,1373,1417,44
RS,9,2020-02-23,0,3086,3142,8522,9170,11608,12312,704,0,299,371,880,1028,1179,1399,220
RS,10,2020-03-01,0,3433,3499,9536,10227,12969,13726,757,0,347,357,1014,1057,1361,1414,53
RS,11,2020-03-08,0,3813,3900,10550,11308,14363,15208,845,0,380,401,1014,1081,1394,1482,88
RS,12,2020-03-15,0,4173,4311,11618,12386,15791,16697,906,0,360,411,1068,1078,1428,1489,61
RS,13,2020-03-22,3,4519,4701,12662,13358,17181,18062,881,3,346,390,1044,972,1390,1365,-25
RS,14,2020-03-29,21,4936,5040,13750,14382,18686,19443,757,18,417,339,1088,1024,1505,1381,-124
RS,15,2020-04-05,40,5332,5399,14767,15411,20099,20850,751,19,396,359,1017,1029,1413,1407,-6
RS,16,2020-04-12,58,5714,5744,15876,16434,21590,22236,646,18,382,345,1109,1023,1491,1386,-105
RS,17,2020-04-19,79,6116,6112,16912,17472,23028,23663,635,21,402,368,1036,1038,1438,1427,-11
RS,18,2020-04-26,122,6485,6438,17944,18490,24429,25050,621,43,369,326,1032,1018,1401,1387,-14
RS,19,2020-05-03,178,6884,6716,19034,19605,25918,26499,581,56,399,278,1090,1115,1489,1449,-40
RS,20,2020-05-10,244,7276,7060,20140,20765,27416,28069,653,66,392,344,1106,1160,1498,1570,72
RS,21,2020-05-17,291,7666,7379,21288,21758,28954,29428,474,47,390,319,1148,993,1538,1359,-179
RS,22,2020-05-24,353,8104,7717,22472,22890,30576,30960,384,62,438,338,1184,1132,1622,1532,-90
RS,23,2020-05-31,430,8593,8081,23698,24064,32291,32575,284,77,489,364,1226,1174,1715,1615,-100
RS,24,2020-06-07,526,9071,8476,24907,25252,33978,34254,276,96,478,395,1209,1188,1687,1679,-8
RS,25,2020-06-14,628,9557,8799,26071,26297,35628,35724,96,102,486,323,1164,1045,1650,1470,-180
RS,26,2020-06-21,722,10098,9037,27232,26996,37330,36755,-575,94,541,238,1161,699,1702,1031,-671
RS,27,2020-06-28,732,10625,9066,28533,27092,39158,36890,-2268,10,527,29,1301,96,1828,135,-1693
RS,28,2020-07-05,732,11231,9066,30049,27092,41280,36890,-4390,0,606,0,1516,0,2122,0,-2122
RS,29,2020-07-12,732,11847,9066,31438,27092,43285,36890,-6395,0,616,0,1389,0,2005,0,-2005
RS,30,2020-07-19,732,12492,9066,32787,27092,45279,36890,-8389,0,645,0,1349,0,1994,0,-1994
RS,31,2020-07-26,732,13090,9066,34128,27092,47218,36890,-10328,0,598,0,1341,0,1939,0,-1939
RS,32,2020-08-02,732,13734,9066,35527,27092,49261,36890,-12371,0,644,0,1399,0,2043,0,-2043
RS,33,2020-08-09,732,14251,9066,36817,27092,51068,36890,-14178,0,517,0,1290,0,1807,0,-1807
RS,34,2020-08-16,732,14838,9066,38130,27092,52968,36890,-16078,0,587,0,1313,0,1900,0,-1900
RS,35,2020-08-23,732,15433,9066,39483,27092,54916,36890,-18026,0,595,0,1353,0,1948,0,-1948
RS,36,2020-08-30,732,15986,9066,40717,27092,56703,36890,-19813,0,553,0,1234,0,1787,0,-1787
RS,37,2020-09-06,732,16547,9066,41990,27092,58537,36890,-21647,0,561,0,1273,0,1834,0,-1834
RS,38,2020-09-13,732,17099,9066,43165,27092,60264,36890,-23374,0,552,0,1175,0,1727,0,-1727
RS,39,2020-09-20,732,17589,9066,44362,27092,61951,36890,-25061,0,490,0,1197,0,1687,0,-1687
RS,40,2020-09-27,732,18144,9066,45605,27092,63749,36890,-26859,0,555,0,1243,0,1798,0,-1798
RS,41,2020-10-04,732,18637,9066,46731,27092,65368,36890,-28478,0,493,0,1126,0,1619,0,-1619
RS,42,2020-10-11,732,19112,9066,47893,27092,67005,36890,-30115,0,475,0,1162,0,1637,0,-1637
RS,43,2020-10-18,732,19533,9066,49026,27092,68559,36890,-31669,0,421,0,1133,0,1554,0,-1554
RS,44,2020-10-25,732,20002,9066,50153,27092,70155,36890,-33265,0,469,0,1127,0,1596,0,-1596
RS,45,2020-11-01,732,20443,9066,51268,27092,71711,36890,-34821,0,441,0,1115,0,1556,0,-1556
RS,46,2020-11-08,732,20879,9066,52367,27092,73246,36890,-36356,0,436,0,1099,0,1535,0,-1535
RS,47,2020-11-15,732,21278,9066,53445,27092,74723,36890,-37833,0,399,0,1078,0,1477,0,-1477
RS,48,2020-11-22,732,21684,9066,54533,27092,76217,36890,-39327,0,406,0,1088,0,1494,0,-1494
RS,49,2020-11-29,732,22049,9066,55643,27092,77692,36890,-40802,0,365,0,1110,0,1475,0,-1475
RS,50,2020-12-06,732,22462,9066,56743,27092,79205,36890,-42315,0,413,0,1100,0,1513,0,-1513
RS,51,2020-12-13,732,22841,9066,57851,27092,80692,36890,-43802,0,379,0,1108,0,1487,0,-1487
RS,52,2020-12-20,732,23229,9066,58945,27092,82174,36890,-45284,0,388,0,1094,0,1482,0,-1482
RS,53,2020-12-27,732,23561,9066,59823,27092,83384,36890,-46494,0,332,0,878,0,1210,0,-1210
SC,1,2020-01-01,0,109,100,325,295,434,395,-39,0,109,100,325,295,434,395,-39
SC,2,2020-01-05,0,313,278,826,836,1139,1114,-25,0,204,178,501,541,705,719,14
SC,3,2020-01-12,0,505,439,1310,1334,1815,1773,-42,0,192,161,484,498,676,659,-17
SC,4,2020-01-19,0,657,612,1760,1849,2417,2461,44,0,152,173,450,515,602,688,86
SC,5,2020-01-26,0,843,779,2311,2331,3154,3110,-44,0,186,167,551,482,737,649,-88
SC,6,2020-02-02,0,1009,958,2855,2827,3864,3785,-79,0,166,179,544,496,710,675,-35
SC,7,2020-02-09,0,1220,1135,3361,3307,4581,4442,-139,0,211,177,506,480,717,657,-60
SC,8,2020-02-16,0,1394,1325,3850,3827,5244,5152,-92,0,174,190,489,520,663,710,47
SC,9,2020-02-23,0,1536,1505,4295,4305,5831,5810,-21,0,142,180,445,478,587,658,71
SC,10,2020-03-01,0,1726,1681,4828,4804,6554,6485,-69,0,190,176,533,499,723,675,-48
SC,11,2020-03-08,0,1912,1859,5322,5317,7234,7176,-58,0,186,178,494,513,680,691,11
SC,12,2020-03-15,0,2109,2084,5797,5857,7906,7941,35,0,197,225,475,540,672,765,93
SC,13,2020-03-22,2,2299,2274,6255,6360,8554,8636,82,2,190,190,458,503,648,695,47
SC,14,2020-03-29,17,2490,2438,6725,6881,9215,9336,121,15,191,164,470,521,661,700,39
SC,15,2020-04-05,32,2657,2616,7212,7342,9869,9990,121,15,167,178,487,461,654,654,0
SC,16,2020-04-12,51,2859,2764,7714,7817,10573,10632,59,19,202,148,502,475,704,642,-62
SC,17,2020-04-19,66,3042,2913,8179,8334,11221,11313,92,15,183,149,465,517,648,681,33
SC,18,2020-04-26,80,3257,3093,8664,8823,11921,11996,75,14,215,180,485,489,700,683,-17
SC,19,2020-05-03,99,3434,3240,9181,9310,12615,12649,34,19,177,147,517,487,694,653,-41
SC,20,2020-05-10,124,3634,3410,9675,9788,13309,13322,13,25,200,170,494,478,694,673,-21
SC,21,2020-05-17,157,3846,3546,10201,10320,14047,14023,-24,33,212,136,526,532,738,701,-37
SC,22,2020-05-24,204,4051,3689,10741,10781,14792,14674,-118,47,205,143,540,461,745,651,-94
SC,23,2020-05-31,249,4228,3824,11279,11332,15507,15405,-102,45,177,135,538,551,715,731,16
SC,24,2020-06-07,284,4489,3978,11813,11850,16302,16112,-190,35,261,154,534,518,795,707,-88
SC,25,2020-06-14,325,4733,4108,12320,12314,17053,16747,-306,41,244,130,507,464,751,635,-116
SC,26,2020-06-21,362,4963,4191,12863,12528,17826,17081,-745,37,230,83,543,214,773,334,-439
SC,27,2020-06-28,370,5232,4193,13391,12544,18623,17107,-1516,8,269,2,528,16,797,26,-771
SC,28,2020-07-05,370,5528,4193,14049,12544,19577,17107,-2470,0,296,0,658,0,954,0,-954
SC,29,2020-07-12,370,5793,4193,14638,12544,20431,17107,-3324,0,265,0,589,0,854,0,-854
SC,30,2020-07-19,370,6059,4193,15237,12544,21296,17107,-4189,0,266,0,599,0,865,0,-865
SC,31,2020-07-26,370,6319,4193,15767,12544,22086,17107,-4979,0,260,0,530,0,790,0,-790
SC,32,2020-08-02,370,6571,4193,16319,12544,22890,17107,-5783,0,252,0,552,0,804,0,-804
SC,33,2020-08-09,370,6827,4193,16886,12544,23713,17107,-6606,0,256,0,567,0,823,0,-823
SC,34,2020-08-16,370,7047,4193,17424,12544,24471,17107,-7364,0,220,0,538,0,758,0,-758
SC,35,2020-08-23,370,7279,4193,17993,12544,25272,17107,-8165,0,232,0,569,0,801,0,-801
SC,36,2020-08-30,370,7511,4193,18530,12544,26041,17107,-8934,0,232,0,537,0,769,0,-769
SC,37,2020-09-06,370,7763,4193,19119,12544,26882,17107,-9775,0,252,0,589,0,841,0,-841
SC,38,2020-09-13,370,8010,4193,19645,12544,27655,17107,-10548,0,247,0,526,0,773,0,-773
SC,39,2020-09-20,370,8232,4193,20180,12544,28412,17107,-11305,0,222,0,535,0,757,0,-757
SC,40,2020-09-27,370,8465,4193,20700,12544,29165,17107,-12058,0,233,0,520,0,753,0,-753
SC,41,2020-10-04,370,8689,4193,21236,12544,29925,17107,-12818,0,224,0,536,0,760,0,-760
SC,42,2020-10-11,370,8925,4193,21734,12544,30659,17107,-13552,0,236,0,498,0,734,0,-734
SC,43,2020-10-18,370,9153,4193,22254,12544,31407,17107,-14300,0,228,0,520,0,748,0,-748
SC,44,2020-10-25,370,9354,4193,22746,12544,32100,17107,-14993,0,201,0,492,0,693,0,-693
SC,45,2020-11-01,370,9536,4193,23241,12544,32777,17107,-15670,0,182,0,495,0,677,0,-677
SC,46,2020-11-08,370,9729,4193,23741,12544,33470,17107,-16363,0,193,0,500,0,693,0,-693
SC,47,2020-11-15,370,9930,4193,24262,12544,34192,17107,-17085,0,201,0,521,0,722,0,-722
SC,48,2020-11-22,370,10146,4193,24779,12544,34925,17107,-17818,0,216,0,517,0,733,0,-733
SC,49,2020-11-29,370,10300,4193,25291,12544,35591,17107,-18484,0,154,0,512,0,666,0,-666
SC,50,2020-12-06,370,10493,4193,25792,12544,36285,17107,-19178,0,193,0,501,0,694,0,-694
SC,51,2020-12-13,370,10677,4193,26277,12544,36954,17107,-19847,0,184,0,485,0,669,0,-669
SC,52,2020-12-20,370,10860,4193,26782,12544,37642,17107,-20535,0,183,0,505,0,688,0,-688
SC,53,2020-12-27,370,10991,4193,27158,12544,38149,17107,-21042,0,131,0,376,0,507,0,-507
SE,1,2020-01-01,0,33,32,106,92,139,124,-15,0,33,32,106,92,139,124,-15
SE,2,2020-01-05,0,73,73,254,241,327,314,-13,0,40,41,148,149,188,190,2
SE,3,2020-01-12,0,126,120,396,401,522,521,-1,0,53,47,142,160,195,207,12
SE,4,2020-01-19,0,171,173,545,550,716,723,7,0,45,53,149,149,194,202,8
SE,5,2020-01-26,0,223,239,692,710,915,949,34,0,52,66,147,160,199,226,27
SE,6,2020-02-02,0,286,286,854,879,1140,1165,25,0,63,47,162,169,225,216,-9
SE,7,2020-02-09,0,336,349,1010,1012,1346,1361,15,0,50,63,156,133,206,196,-10
SE,8,2020-02-16,0,377,408,1163,1152,1540,1560,20,0,41,59,153,140,194,199,5
SE,9,2020-02-23,0,431,463,1319,1286,1750,1749,-1,0,54,55,156,134,210,189,-21
SE,10,2020-03-01,0,472,525,1449,1416,1921,1941,20,0,41,62,130,130,171,192,21
SE,11,2020-03-08,0,519,583,1628,1556,2147,2139,-8,0,47,58,179,140,226,198,-28
SE,12,2020-03-15,0,567,646,1800,1724,2367,2370,3,0,48,63,172,168,220,231,11
SE,13,2020-03-22,0,611,698,1971,1882,2582,2580,-2,0,44,52,171,158,215,210,-5
SE,14,2020-03-29,2,667,762,2137,2043,2804,2807,3,2,56,64,166,161,222,227,5
SE,15,2020-04-05,3,718,812,2289,2186,3007,3001,-6,1,51,50,152,143,203,194,-9
SE,16,2020-04-12,5,779,862,2448,2335,3227,3202,-25,2,61,50,159,149,220,201,-19
SE,17,2020-04-19,9,839,910,2610,2474,3449,3393,-56,4,60,48,162,139,222,191,-31
SE,18,2020-04-26,11,882,950,2771,2620,3653,3581,-72,2,43,40,161,146,204,188,-16
SE,19,2020-05-03,25,931,1002,2939,2757,3870,3784,-86,14,49,52,168,137,217,203,-14
SE,20,2020-05-10,46,983,1053,3128,2905,4111,4004,-107,21,52,51,189,148,241,220,-21
SE,21,2020-05-17,76,1050,1097,3294,3049,4344,4222,-122,30,67,44,166,144,233,218,-15
SE,22,2020-05-24,133,1111,1143,3445,3218,4556,4494,-62,57,61,46,151,169,212,272,60
SE,23,2020-05-31,195,1168,1181,3615,3357,4783,4733,-50,62,57,38,170,139,227,239,12
SE,24,2020-06-07,264,1233,1222,3797,3483,5030,4969,-61,69,65,41,182,126,247,236,-11
SE,25,2020-06-14,319,1292,1242,3960,3566,5252,5127,-125,55,59,20,163,83,222,158,-64
SE,26,2020-06-21,347,1354,1256,4139,3602,5493,5205,-288,28,62,14,179,36,241,78,-163
SE,27,2020-06-28,348,1410,1257,4309,3602,5719,5207,-512,1,56,1,170,0,226,2,-224
SE,28,2020-07-05,348,1474,1257,4479,3602,5953,5207,-746,0,64,0,170,0,234,0,-234
SE,29,2020-07-12,348,1548,1257,4644,3602,6192,5207,-985,0,74,0,165,0,239,0,-239
SE,30,2020-07-19,348,1607,1257,4824,3602,6431,5207,-1224,0,59,0,180,0,239,0,-239
SE,31,2020-07-26,348,1649,1257,4994,3602,6643,5207,-1436,0,42,0,170,0,212,0,-212
SE,32,2020-08-02,348,1703,1257,5153,3602,6856,5207,-1649,0,54,0,159,0,213,0,-213
SE,33,2020-08-09,348,1756,1257,5307,3602,7063,5207,-1856,0,53,0,154,0,207,0,-207
SE,34,2020-08-16,348,1801,1257,5490,3602,7291,5207,-2084,0,45,0,183,0,228,0,-228
SE,35,2020-08-23,348,1854,1257,5645,3602,7499,5207,-2292,0,53,0,155,0,208,0,-208
SE,36,2020-08-30,348,1898,1257,5826,3602,7724,5207,-2517,0,44,0,181,0,225,0,-225
SE,37,2020-09-06,348,1947,1257,5974,3602,7921,5207,-2714,0,49,0,148,0,197,0,-197
SE,38,2020-09-13,348,1998,1257,6126,3602,8124,5207,-2917,0,51,0,152,0,203,0,-203
SE,39,2020-09-20,348,2029,1257,6285,3602,8314,5207,-3107,0,31,0,159,0,190,0,-190
SE,40,2020-09-27,348,2078,1257,6438,3602,8516,5207,-3309,0,49,0,153,0,202,0,-202
SE,41,2020-10-04,348,2125,1257,6600,3602,8725,5207,-3518,0,47,0,162,0,209,0,-209
SE,42,2020-10-11,348,2173,1257,6749,3602,8922,5207,-3715,0,48,0,149,0,197,0,-197
SE,43,2020-10-18,348,2228,1257,6893,3602,9121,5207,-3914,0,55,0,144,0,199,0,-199
SE,44,2020-10-25,348,2272,1257,7043,3602,9315,5207,-4108,0,44,0,150,0,194,0,-194
SE,45,2020-11-01,348,2322,1257,7179,3602,9501,5207,-4294,0,50,0,136,0,186,0,-186
SE,46,2020-11-08,348,2361,1257,7322,3602,9683,5207,-4476,0,39,0,143,0,182,0,-182
SE,47,2020-11-15,348,2404,1257,7440,3602,9844,5207,-4637,0,43,0,118,0,161,0,-161
SE,48,2020-11-22,348,2462,1257,7583,3602,10045,5207,-4838,0,58,0,143,0,201,0,-201
SE,49,2020-11-29,348,2511,1257,7711,3602,10222,5207,-5015,0,49,0,128,0,177,0,-177
SE,50,2020-12-06,348,2567,1257,7882,3602,10449,5207,-5242,0,56,0,171,0,227,0,-227
SE,51,2020-12-13,348,2621,1257,8017,3602,10638,5207,-5431,0,54,0,135,0,189,0,-189
SE,52,2020-12-20,348,2665,1257,8157,3602,10822,5207,-5615,0,44,0,140,0,184,0,-184
SE,53,2020-12-27,348,2695,1257,8251,3602,10946,5207,-5739,0,30,0,94,0,124,0,-124
SP,1,2020-01-01,0,1049,1084,2158,2232,3207,3316,109,0,1049,1084,2158,2232,3207,3316,109
SP,2,2020-01-05,0,2874,2868,5859,5973,8733,8841,108,0,1825,1784,3701,3741,5526,5525,-1
SP,3,2020-01-12,0,4724,4607,9580,9738,14304,14345,41,0,1850,1739,3721,3765,5571,5504,-67
SP,4,2020-01-19,0,6525,6271,13490,13401,20015,19672,-343,0,1801,1664,3910,3663,5711,5327,-384
SP,5,2020-01-26,0,8272,8027,17243,17307,25515,25334,-181,0,1747,1756,3753,3906,5500,5662,162
SP,6,2020-02-02,0,10054,9654,21063,20931,31117,30585,-532,0,1782,1627,3820,3624,5602,5251,-351
SP,7,2020-02-09,0,11730,11259,24798,24670,36528,35929,-599,0,1676,1605,3735,3739,5411,5344,-67
SP,8,2020-02-16,0,13360,13064,28499,28529,41859,41593,-266,0,1630,1805,3701,3859,5331,5664,333
SP,9,2020-02-23,0,14797,14841,31567,32319,46364,47160,796,0,1437,1777,3068,3790,4505,5567,1062
SP,10,2020-03-01,0,16538,16557,35109,36093,51647,52650,1003,0,1741,1716,3542,3774,5283,5490,207
SP,11,2020-03-08,0,18359,18479,38816,39991,57175,58470,1295,0,1821,1922,3707,3898,5528,5820,292
SP,12,2020-03-15,48,20210,20592,42598,43971,62808,64611,1803,48,1851,2113,3782,3980,5633,6141,508
SP,13,2020-03-22,309,21997,22557,46376,47751,68373,70617,2244,261,1787,1965,3778,3780,5565,6006,441
SP,14,2020-03-29,806,23754,24487,50109,51518,73863,76811,2948,497,1757,1930,3733,3767,5490,6194,704
SP,15,2020-04-05,1458,25541,26283,53856,55247,79397,82988,3591,652,1787,1796,3747,3729,5534,6177,643
SP,16,2020-04-12,2111,27387,28042,57543,58892,84930,89045,4115,653,1846,1759,3687,3645,5533,6057,524
SP,17,2020-04-19,2901,29233,29741,61522,62597,90755,95239,4484,790,1846,1699,3979,3705,5825,6194,369
SP,18,2020-04-26,4011,31158,31453,65362,66437,96520,101901,5381,1110,1925,1712,3840,3840,5765,6662,897
SP,19,2020-05-03,5232,33118,33131,69284,70231,102402,108594,6192,1221,1960,1678,3922,3794,5882,6693,811
SP,20,2020-05-10,6648,34976,34794,73295,74263,108271,115705,7434,1416,1858,1663,4011,4032,5869,7111,1242
SP,21,2020-05-17,8269,36919,36495,77340,78170,114259,122934,8675,1621,1943,1701,4045,3907,5988,7229,1241
SP,22,2020-05-24,9960,39005,38181,81546,82366,120551,130507,9956,1691,2086,1686,4206,4196,6292,7573,1281
SP,23,2020-05-31,11710,41128,39991,85753,86416,126881,138117,11236,1750,2123,1810,4207,4050,6330,7610,1280
SP,24,2020-06-07,13589,43588,41622,90065,90409,133653,145620,11967,1879,2460,1631,4312,3993,6772,7503,731
SP,25,2020-06-14,15284,46056,43053,94269,93770,140325,152107,11782,1695,2468,1431,4204,3361,6672,6487,-185
SP,26,2020-06-21,16105,48450,43713,98361,95436,146811,155254,8443,821,2394,660,4092,1666,6486,3147,-3339
SP,27,2020-06-28,16125,50823,43728,102483,95496,153306,155349,2043,20,2373,15,4122,60,6495,95,-6400
SP,28,2020-07-05,16125,53191,43728,106871,95496,160062,155349,-4713,0,2368,0,4388,0,6756,0,-6756
SP,29,2020-07-12,16125,55539,43728,111307,95496,166846,155349,-11497,0,2348,0,4436,0,6784,0,-6784
SP,30,2020-07-19,16125,57786,43728,115495,95496,173281,155349,-17932,0,2247,0,4188,0,6435,0,-6435
SP,31,2020-07-26,16125,59976,43728,119486,95496,179462,155349,-24113,0,2190,0,3991,0,6181,0,-6181
SP,32,2020-08-02,16125,62149,43728,123650,95496,185799,155349,-30450,0,2173,0,4164,0,6337,0,-6337
SP,33,2020-08-09,16125,64149,43728,127678,95496,191827,155349,-36478,0,2000,0,4028,0,6028,0,-6028
SP,34,2020-08-16,16125,66090,43728,131607,95496,197697,155349,-42348,0,1941,0,3929,0,5870,0,-5870
SP,35,2020-08-23,16125,68042,43728,135545,95496,203587,155349,-48238,0,1952,0,3938,0,5890,0,-5890
SP,36,2020-08-30,16125,70077,43728,139501,95496,209578,155349,-54229,0,2035,0,3956,0,5991,0,-5991
SP,37,2020-09-06,16125,72141,43728,143658,95496,215799,155349,-60450,0,2064,0,4157,0,6221,0,-6221
SP,38,2020-09-13,16125,74191,43728,147692,95496,221883,155349,-66534,0,2050,0,4034,0,6084,0,-6084
SP,39,2020-09-20,16125,76076,43728,151412,95496,227488,155349,-72139,0,1885,0,3720,0,5605,0,-5605
SP,40,2020-09-27,16125,77868,43728,155228,95496,233096,155349,-77747,0,1792,0,3816,0,5608,0,-5608
SP,41,2020-10-04,16125,79705,43728,158961,95496,238666,155349,-83317,0,1837,0,3733,0,5570,0,-5570
SP,42,2020-10-11,16125,81536,43728,162784,95496,244320,155349,-88971,0,1831,0,3823,0,5654,0,-5654
SP,43,2020-10-18,16125,83358,43728,166529,95496,249887,155349,-94538,0,1822,0,3745,0,5567,0,-5567
SP,44,2020-10-25,16125,85188,43728,170313,95496,255501,155349,-100152,0,1830,0,3784,0,5614,0,-5614
SP,45,2020-11-01,16125,87017,43728,174137,95496,261154,155349,-105805,0,1829,0,3824,0,5653,0,-5653
SP,46,2020-11-08,16125,88767,43728,177687,95496,266454,155349,-111105,0,1750,0,3550,0,5300,0,-5300
SP,47,2020-11-15,16125,90365,43728,181338,95496,271703,155349,-116354,0,1598,0,3651,0,5249,0,-5249
SP,48,2020-11-22,16125,92083,43728,184994,95496,277077,155349,-121728,0,1718,0,3656,0,5374,0,-5374
SP,49,2020-11-29,16125,93807,43728,188750,95496,282557,155349,-127208,0,1724,0,3756,0,5480,0,-5480
SP,50,2020-12-06,16125,95466,43728,192545,95496,288011,155349,-132662,0,1659,0,3795,0,5454,0,-5454
SP,51,2020-12-13,16125,97121,43728,196526,95496,293647,155349,-138298,0,1655,0,3981,0,5636,0,-5636
SP,52,2020-12-20,16125,98925,43728,200446,95496,299371,155349,-144022,0,1804,0,3920,0,5724,0,-5724
SP,53,2020-12-27,16125,100192,43728,203124,95496,303316,155349,-147967,0,1267,0,2678,0,3945,0,-3945
TO,1,2020-01-01,0,14,19,51,49,65,68,3,0,14,19,51,49,65,68,3
TO,2,2020-01-05,0,38,43,114,106,152,149,-3,0,24,24,63,57,87,81,-6
TO,3,2020-01-12,0,58,77,176,181,234,258,24,0,20,34,62,75,82,109,27
TO,4,2020-01-19,0,85,98,254,242,339,340,1,0,27,21,78,61,105,82,-23
TO,5,2020-01-26,0,109,122,319,296,428,418,-10,0,24,24,65,54,89,78,-11
TO,6,2020-02-02,0,135,150,391,349,526,499,-27,0,26,28,72,53,98,81,-17
TO,7,2020-02-09,0,157,179,462,422,619,601,-18,0,22,29,71,73,93,102,9
TO,8,2020-02-16,0,178,210,524,497,702,707,5,0,21,31,62,75,83,106,23
TO,9,2020-02-23,0,192,240,587,562,779,802,23,0,14,30,63,65,77,95,18
TO,10,2020-03-01,0,214,261,653,618,867,879,12,0,22,21,66,56,88,77,-11
TO,11,2020-03-08,0,228,287,707,696,935,983,48,0,14,26,54,78,68,104,36
TO,12,2020-03-15,0,253,319,768,760,1021,1079,58,0,25,32,61,64,86,96,10
TO,13,2020-03-22,0,280,340,829,829,1109,1169,60,0,27,21,61,69,88,90,2
TO,14,2020-03-29,0,312,366,889,900,1201,1266,65,0,32,26,60,71,92,97,5
TO,15,2020-04-05,0,337,381,957,959,1294,1340,46,0,25,15,68,59,93,74,-19
TO,16,2020-04-12,1,375,409,1015,1012,1390,1422,32,1,38,28,58,53,96,82,-14
TO,17,2020-04-19,1,404,424,1096,1068,1500,1493,-7,0,29,15,81,56,110,71,-39
TO,18,2020-04-26,4,431,452,1187,1130,1618,1586,-32,3,27,28,91,62,118,93,-25
TO,19,2020-05-03,7,465,467,1254,1192,1719,1666,-53,3,34,15,67,62,101,80,-21
TO,20,2020-05-10,23,500,490,1327,1259,1827,1772,-55,16,35,23,73,67,108,106,-2
TO,21,2020-05-17,36,528,511,1394,1318,1922,1865,-57,13,28,21,67,59,95,93,-2
TO,22,2020-05-24,52,557,528,1468,1381,2025,1961,-64,16,29,17,74,63,103,96,-7
TO,23,2020-05-31,66,582,552,1536,1440,2118,2058,-60,14,25,24,68,59,93,97,4
TO,24,2020-06-07,81,610,572,1595,1489,2205,2142,-63,15,28,20,59,49,87,84,-3
TO,25,2020-06-14,93,631,590,1674,1538,2305,2221,-84,12,21,18,79,49,100,79,-21
TO,26,2020-06-21,98,651,599,1749,1564,2400,2261,-139,5,20,9,75,26,95,40,-55
TO,27,2020-06-28,98,669,599,1817,1564,2486,2261,-225,0,18,0,68,0,86,0,-86
TO,28,2020-07-05,98,685,599,1874,1564,2559,2261,-298,0,16,0,57,0,73,0,-73
TO,29,2020-07-12,98,709,599,1959,1564,2668,2261,-407,0,24,0,85,0,109,0,-109
TO,30,2020-07-19,98,737,599,2035,1564,2772,2261,-511,0,28,0,76,0,104,0,-104
TO,31,2020-07-26,98,760,599,2112,1564,2872,2261,-611,0,23,0,77,0,100,0,-100
TO,32,2020-08-02,98,778,599,2168,1564,2946,2261,-685,0,18,0,56,0,74,0,-74
TO,33,2020-08-09,98,810,599,2244,1564,3054,2261,-793,0,32,0,76,0,108,0,-108
TO,34,2020-08-16,98,836,599,2309,1564,3145,2261,-884,0,26,0,65,0,91,0,-91
TO,35,2020-08-23,98,865,599,2380,1564,3245,2261,-984,0,29,0,71,0,100,0,-100
TO,36,2020-08-30,98,881,599,2447,1564,3328,2261,-1067,0,16,0,67,0,83,0,-83
TO,37,2020-09-06,98,914,599,2506,1564,3420,2261,-1159,0,33,0,59,0,92,0,-92
TO,38,2020-09-13,98,951,599,2580,1564,3531,2261,-1270,0,37,0,74,0,111,0,-111
TO,39,2020-09-20,98,976,599,2653,1564,3629,2261,-1368,0,25,0,73,0,98,0,-98
TO,40,2020-09-27,98,1004,599,2725,1564,3729,2261,-1468,0,28,0,72,0,100,0,-100
TO,41,2020-10-04,98,1039,599,2786,1564,3825,2261,-1564,0,35,0,61,0,96,0,-96
TO,42,2020-10-11,98,1062,599,2853,1564,3915,2261,-1654,0,23,0,67,0,90,0,-90
TO,43,2020-10-18,98,1076,599,2923,1564,3999,2261,-1738,0,14,0,70,0,84,0,-84
TO,44,2020-10-25,98,1110,599,2983,1564,4093,2261,-1832,0,34,0,60,0,94,0,-94
TO,45,2020-11-01,98,1139,599,3057,1564,4196,2261,-1935,0,29,0,74,0,103,0,-103
TO,46,2020-11-08,98,1159,599,3114,1564,4273,2261,-2012,0,20,0,57,0,77,0,-77
TO,47,2020-11-15,98,1185,599,3187,1564,4372,2261,-2111,0,26,0,73,0,99,0,-99
TO,48,2020-11-22,98,1224,599,3252,1564,4476,2261,-2215,0,39,0,65,0,104,0,-104
TO,49,2020-11-29,98,1262,599,3331,1564,4593,2261,-2332,0,38,0,79,0,117,0,-117
TO,50,2020-12-06,98,1285,599,3404,1564,4689,2261,-2428,0,23,0,73,0,96,0,-96
TO,51,2020-12-13,98,1323,599,3476,1564,4799,2261,-2538,0,38,0,72,0,110,0,-110
TO,52,2020-12-20,98,1360,599,3549,1564,4909,2261,-2648,0,37,0,73,0,110,0,-110
TO,53,2020-12-27,98,1380,599,3600,1564,4980,2261,-2719,0,20,0,51,0,71,0,-71
