state,epidemiological_week_2020,first_day_epiweek_2020,deaths_covid19_2020,deaths_other_respiratory_2019,deaths_other_respiratory_2020,deaths_others_2019,deaths_others_2020,deaths_total_2019,deaths_total_2020,deaths_total_dif,new_deaths_covid19_2020,new_deaths_other_respiratory_2019,new_deaths_other_respiratory_2020,new_deaths_others_2019,new_deaths_others_2020,new_deaths_total_2019,new_deaths_total_2020,new_deaths_total_dif
AC,1,2020-01-01,0,8,10,22,32,30,42,12,0,8,10,22,32,30,42,12
AC,2,2020-01-05,0,21,36,61,77,82,113,31,0,13,26,39,45,52,71,19
AC,3,2020-01-12,0,45,58,102,130,147,188,41,0,24,22,41,53,65,75,10
AC,4,2020-01-19,0,60,79,147,184,207,263,56,0,15,21,45,54,60,75,15
AC,5,2020-01-26,0,86,93,187,240,273,333,60,0,26,14,40,56,66,70,4
AC,6,2020-02-02,0,109,111,228,299,337,410,73,0,23,18,41,59,64,77,13
AC,7,2020-02-09,0,127,135,274,364,401,499,98,0,18,24,46,65,64,89,25
AC,8,2020-02-16,0,146,153,324,408,470,561,91,0,19,18,50,44,69,62,-7
AC,9,2020-02-23,0,169,174,368,452,537,626,89,0,23,21,44,44,67,65,-2
AC,10,2020-03-01,0,182,195,414,510,596,705,109,0,13,21,46,58,59,79,20
AC,11,2020-03-08,0,212,226,461,553,673,779,106,0,30,31,47,43,77,74,-3
AC,12,2020-03-15,0,250,250,508,602,758,852,94,0,38,24,47,49,85,73,-12
AC,13,2020-03-22,0,274,271,541,642,815,913,98,0,24,21,33,40,57,61,4
AC,14,2020-03-29,0,300,288,583,683,883,971,88,0,26,17,42,41,68,58,-10
AC,15,2020-04-05,2,328,309,624,726,952,1037,85,2,28,21,41,43,69,66,-3
AC,16,2020-04-12,4,344,331,669,777,1013,1112,99,2,16,22,45,51,61,75,14
AC,17,2020-04-19,10,372,355,718,809,1090,1174,84,6,28,24,49,32,77,62,-15
AC,18,2020-04-26,26,398,372,768,869,1166,1267,101,16,26,17,50,60,76,93,17
AC,19,2020-05-03,43,410,396,814,913,1224,1352,128,17,12,24,46,44,58,85,27
AC,20,2020-05-10,62,430,415,864,955,1294,1432,138,19,20,19,50,42,70,80,10
AC,21,2020-05-17,97,447,445,897,1023,1344,1565,221,35,17,30,33,68,50,133,83
AC,22,2020-05-24,137,472,473,945,1081,1417,1691,274,40,25,28,48,58,73,126,53
AC,23,2020-05-31,194,492,492,982,1133,1474,1819,345,57,20,19,37,52,57,128,71
AC,24,2020-06-07,249,511,515,1024,1181,1535,1945,410,55,19,23,42,48,61,126,65
AC,25,2020-06-14,297,525,530,1058,1229,1583,2056,473,48,14,15,34,48,48,111,63
AC,26,2020-06-21,339,544,547,1107,1269,1651,2155,504,42,19,17,49,40,68,99,31
AC,27,2020-06-28,375,564,557,1151,1314,1715,2246,531,36,20,10,44,45,64,91,27
AC,28,2020-07-05,405,581,572,1196,1361,1777,2338,561,30,17,15,45,47,62,92,30
AC,29,2020-07-12,434,602,587,1238,1386,1840,2407,567,29,21,15,42,25,63,69,6
AC,30,2020-07-19,439,617,590,1274,1398,1891,2427,536,5,15,3,36,12,51,20,-31
AC,31,2020-07-26,439,638,590,1308,1398,1946,2427,481,0,21,0,34,0,55,0,-55
AC,32,2020-08-02,439,653,590,1352,1398,2005,2427,422,0,15,0,44,0,59,0,-59
AC,33,2020-08-09,439,679,590,1389,1398,2068,2427,359,0,26,0,37,0,63,0,-63
AC,34,2020-08-16,439,698,590,1437,1398,2135,2427,292,0,19,0,48,0,67,0,-67
AC,35,2020-08-23,439,723,590,1491,1398,2214,2427,213,0,25,0,54,0,79,0,-79
AC,36,2020-08-30,439,738,590,1531,1398,2269,2427,158,0,15,0,40,0,55,0,-55
AC,37,2020-09-06,439,764,590,1593,1398,2357,2427,70,0,26,0,62,0,88,0,-88
AC,38,2020-09-13,439,782,590,1634,1398,2416,2427,11,0,18,0,41,0,59,0,-59
AC,39,2020-09-20,439,806,590,1681,1398,2487,2427,-60,0,24,0,47,0,71,0,-71
AC,40,2020-09-27,439,827,590,1722,1398,2549,2427,-122,0,21,0,41,0,62,0,-62
AC,41,2020-10-04,439,841,590,1765,1398,2606,2427,-179,0,14,0,43,0,57,0,-57
AC,42,2020-10-11,439,860,590,1803,1398,2663,2427,-236,0,19,0,38,0,57,0,-57
AC,43,2020-10-18,439,887,590,1855,1398,2742,2427,-315,0,27,0,52,0,79,0,-79
AC,44,2020-10-25,439,908,590,1901,1398,2809,2427,-382,0,21,0,46,0,67,0,-67
AC,45,2020-11-01,439,932,590,1955,1398,2887,2427,-460,0,24,0,54,0,78,0,-78
AC,46,2020-11-08,439,960,590,1995,1398,2955,2427,-528,0,28,0,40,0,68,0,-68
AC,47,2020-11-15,439,976,590,2041,1398,3017,2427,-590,0,16,0,46,0,62,0,-62
AC,48,2020-11-22,439,1000,590,2086,1398,3086,2427,-659,0,24,0,45,0,69,0,-69
AC,49,2020-11-29,439,1018,590,2139,1398,3157,2427,-730,0,18,0,53,0,71,0,-71
AC,50,2020-12-06,439,1044,590,2190,1398,3234,2427,-807,0,26,0,51,0,77,0,-77
AC,51,2020-12-13,439,1066,590,2233,1398,3299,2427,-872,0,22,0,43,0,65,0,-65
AC,52,2020-12-20,439,1084,590,2283,1398,3367,2427,-940,0,18,0,50,0,68,0,-68
AC,53,2020-12-27,439,1100,590,2321,1398,3421,2427,-994,0,16,0,38,0,54,0,-54
AL,1,2020-01-01,0,47,41,127,141,174,182,8,0,47,41,127,141,174,182,8
AL,2,2020-01-05,0,119,118,303,415,422,533,111,0,72,77,176,274,248,351,103
AL,3,2020-01-12,0,191,213,504,644,695,857,162,0,72,95,201,229,273,324,51
AL,4,2020-01-19,0,251,286,716,874,967,1160,193,0,60,73,212,230,272,303,31
AL,5,2020-01-26,0,307,372,924,1107,1231,1479,248,0,56,86,208,233,264,319,55
AL,6,2020-02-02,1,375,448,1148,1332,1523,1781,258,1,68,76,224,225,292,302,10
AL,7,2020-02-09,1,457,525,1338,1562,1795,2088,293,0,82,77,190,230,272,307,35
AL,8,2020-02-16,1,532,597,1540,1791,2072,2389,317,0,75,72,202,229,277,301,24
AL,9,2020-02-23,1,606,682,1702,2082,2308,2765,457,0,74,85,162,291,236,376,140
AL,10,2020-03-01,1,696,761,1905,2332,2601,3094,493,0,90,79,203,250,293,329,36
AL,11,2020-03-08,1,771,842,2132,2580,2903,3423,520,0,75,81,227,248,302,329,27
AL,12,2020-03-15,1,834,907,2355,2781,3189,3689,500,0,63,65,223,201,286,266,-20
AL,13,2020-03-22,2,929,990,2577,2979,3506,3971,465,1,95,83,222,198,317,282,-35
AL,14,2020-03-29,5,1015,1054,2800,3249,3815,4308,493,3,86,64,223,270,309,337,28
AL,15,2020-04-05,10,1105,1127,3007,3510,4112,4647,535,5,90,73,207,261,297,339,42
AL,16,2020-04-12,18,1181,1191,3208,3750,4389,4959,570,8,76,64,201,240,277,312,35
AL,17,2020-04-19,32,1293,1244,3436,3983,4729,5259,530,14,112,53,228,233,340,300,-40
AL,18,2020-04-26,64,1375,1319,3686,4247,5061,5630,569,32,82,75,250,264,332,371,39
AL,19,2020-05-03,126,1462,1408,3960,4517,5422,6051,629,62,87,89,274,270,361,421,60
AL,20,2020-05-10,251,1571,1515,4204,4817,5775,6583,808,125,109,107,244,300,353,532,179
AL,21,2020-05-17,382,1658,1629,4461,5147,6119,7158,1039,131,87,114,257,330,344,575,231
AL,22,2020-05-24,571,1768,1745,4690,5460,6458,7776,1318,189,110,116,229,313,339,618,279
AL,23,2020-05-31,785,1844,1848,4910,5756,6754,8389,1635,214,76,103,220,296,296,613,317
AL,24,2020-06-07,939,1915,1946,5153,6046,7068,8931,1863,154,71,98,243,290,314,542,228
AL,25,2020-06-14,1098,2006,2007,5389,6313,7395,9418,2023,159,91,61,236,267,327,487,160
AL,26,2020-06-21,1218,2095,2070,5646,6533,7741,9821,2080,120,89,63,257,220,346,403,57
AL,27,2020-06-28,1299,2184,2123,5905,6739,8089,10161,2072,81,89,53,259,206,348,340,-8
AL,28,2020-07-05,1379,2267,2169,6159,6932,8426,10480,2054,80,83,46,254,193,337,319,-18
AL,29,2020-07-12,1432,2350,2217,6398,7087,8748,10736,1988,53,83,48,239,155,322,256,-66
AL,30,2020-07-19,1441,2411,2221,6627,7119,9038,10781,1743,9,61,4,229,32,290,45,-245
AL,31,2020-07-26,1441,2486,2221,6871,7119,9357,10781,1424,0,75,0,244,0,319,0,-319
AL,32,2020-08-02,1441,2565,2221,7131,7119,9696,10781,1085,0,79,0,260,0,339,0,-339
AL,33,2020-08-09,1441,2672,2221,7398,7119,10070,10781,711,0,107,0,267,0,374,0,-374
AL,34,2020-08-16,1441,2754,2221,7682,7119,10436,10781,345,0,82,0,284,0,366,0,-366
AL,35,2020-08-23,1441,2855,2221,7918,7119,10773,10781,8,0,101,0,236,0,337,0,-337
AL,36,2020-08-30,1441,2940,2221,8171,7119,11111,10781,-330,0,85,0,253,0,338,0,-338
AL,37,2020-09-06,1441,3005,2221,8388,7119,11393,10781,-612,0,65,0,217,0,282,0,-282
AL,38,2020-09-13,1441,3087,2221,8628,7119,11715,10781,-934,0,82,0,240,0,322,0,-322
AL,39,2020-09-20,1441,3161,2221,8880,7119,12041,10781,-1260,0,74,0,252,0,326,0,-326
AL,40,2020-09-27,1441,3245,2221,9106,7119,12351,10781,-1570,0,84,0,226,0,310,0,-310
AL,41,2020-10-04,1441,3338,2221,9318,7119,12656,10781,-1875,0,93,0,212,0,305,0,-305
AL,42,2020-10-11,1441,3432,2221,9536,7119,12968,10781,-2187,0,94,0,218,0,312,0,-312
AL,43,2020-10-18,1441,3509,2221,9763,7119,13272,10781,-2491,0,77,0,227,0,304,0,-304
AL,44,2020-10-25,1441,3577,2221,9999,7119,13576,10781,-2795,0,68,0,236,0,304,0,-304
AL,45,2020-11-01,1441,3656,2221,10252,7119,13908,10781,-3127,0,79,0,253,0,332,0,-332
AL,46,2020-11-08,1441,3724,2221,10495,7119,14219,10781,-3438,0,68,0,243,0,311,0,-311
AL,47,2020-11-15,1441,3802,2221,10718,7119,14520,10781,-3739,0,78,0,223,0,301,0,-301
AL,48,2020-11-22,1441,3868,2221,10941,7119,14809,10781,-4028,0,66,0,223,0,289,0,-289
AL,49,2020-11-29,1441,3950,2221,11173,7119,15123,10781,-4342,0,82,0,232,0,314,0,-314
AL,50,2020-12-06,1441,4032,2221,11414,7119,15446,10781,-4665,0,82,0,241,0,323,0,-323
AL,51,2020-12-13,1441,4102,2221,11629,7119,15731,10781,-4950,0,70,0,215,0,285,0,-285
AL,52,2020-12-20,1441,4190,2221,11830,7119,16020,10781,-5239,0,88,0,201,0,289,0,-289
AL,53,2020-12-27,1441,4225,2221,11989,7119,16214,10781,-5433,0,35,0,159,0,194,0,-194
AM,1,2020-01-01,0,25,32,121,109,146,141,-5,0,25,32,121,109,146,141,-5
AM,2,2020-01-05,0,75,99,301,300,376,399,23,0,50,67,180,191,230,258,28
AM,3,2020-01-12,0,119,151,486,495,605,646,41,0,44,52,185,195,229,247,18
AM,4,2020-01-19,0,152,218,687,692,839,910,71,0,33,67,201,197,234,264,30
AM,5,2020-01-26,0,208,277,867,874,1075,1151,76,0,56,59,180,182,236,241,5
AM,6,2020-02-02,0,253,336,1054,1072,1307,1408,101,0,45,59,187,198,232,257,25
AM,7,2020-02-09,0,320,396,1241,1281,1561,1677,116,0,67,60,187,209,254,269,15
AM,8,2020-02-16,0,390,451,1460,1458,1850,1909,59,0,70,55,219,177,289,232,-57
AM,9,2020-02-23,0,452,507,1633,1638,2085,2145,60,0,62,56,173,180,235,236,1
AM,10,2020-03-01,0,522,557,1869,1827,2391,2384,-7,0,70,50,236,189,306,239,-67
AM,11,2020-03-08,0,596,608,2065,2042,2661,2650,-11,0,74,51,196,215,270,266,-4
AM,12,2020-03-15,0,656,667,2246,2234,2902,2901,-1,0,60,59,181,192,241,251,10
AM,13,2020-03-22,1,713,717,2426,2429,3139,3147,8,1,57,50,180,195,237,246,9
AM,14,2020-03-29,10,770,799,2616,2628,3386,3437,51,9,57,82,190,199,247,290,43
AM,15,2020-04-05,59,830,936,2818,2861,3648,3856,208,49,60,137,202,233,262,419,157
AM,16,2020-04-12,152,898,1201,2999,3229,3897,4582,685,93,68,265,181,368,249,726,477
AM,17,2020-04-19,315,956,1619,3189,3697,4145,5631,1486,163,58,418,190,468,248,1049,801
AM,18,2020-04-26,561,1022,1971,3369,4117,4391,6649,2258,246,66,352,180,420,246,1018,772
AM,19,2020-05-03,774,1085,2215,3572,4432,4657,7421,2764,213,63,244,203,315,266,772,506
AM,20,2020-05-10,977,1137,2357,3741,4656,4878,7990,3112,203,52,142,169,224,221,569,348
AM,21,2020-05-17,1145,1198,2453,3920,4844,5118,8442,3324,168,61,96,179,188,240,452,212
AM,22,2020-05-24,1297,1250,2534,4124,5005,5374,8836,3462,152,52,81,204,161,256,394,138
AM,23,2020-05-31,1411,1306,2595,4317,5152,5623,9158,3535,114,56,61,193,147,249,322,73
AM,24,2020-06-07,1476,1352,2639,4521,5323,5873,9438,3565,65,46,44,204,171,250,280,30
AM,25,2020-06-14,1527,1398,2677,4727,5491,6125,9695,3570,51,46,38,206,168,252,257,5
AM,26,2020-06-21,1577,1456,2731,4935,5647,6391,9955,3564,50,58,54,208,156,266,260,-6
AM,27,2020-06-28,1616,1514,2778,5158,5787,6672,10181,3509,39,58,47,223,140,281,226,-55
AM,28,2020-07-05,1644,1571,2811,5337,5921,6908,10376,3468,28,57,33,179,134,236,195,-41
AM,29,2020-07-12,1663,1627,2845,5540,6037,7167,10545,3378,19,56,34,203,116,259,169,-90
AM,30,2020-07-19,1666,1671,2856,5739,6055,7410,10577,3167,3,44,11,199,18,243,32,-211
AM,31,2020-07-26,1666,1731,2856,5927,6055,7658,10577,2919,0,60,0,188,0,248,0,-248
AM,32,2020-08-02,1666,1777,2856,6117,6055,7894,10577,2683,0,46,0,190,0,236,0,-236
AM,33,2020-08-09,1666,1836,2856,6305,6055,8141,10577,2436,0,59,0,188,0,247,0,-247
AM,34,2020-08-16,1666,1901,2856,6507,6055,8408,10577,2169,0,65,0,202,0,267,0,-267
AM,35,2020-08-23,1666,1961,2856,6703,6055,8664,10577,1913,0,60,0,196,0,256,0,-256
AM,36,2020-08-30,1666,2028,2856,6890,6055,8918,10577,1659,0,67,0,187,0,254,0,-254
AM,37,2020-09-06,1666,2079,2856,7105,6055,9184,10577,1393,0,51,0,215,0,266,0,-266
AM,38,2020-09-13,1666,2138,2856,7312,6055,9450,10577,1127,0,59,0,207,0,266,0,-266
AM,39,2020-09-20,1666,2193,2856,7498,6055,9691,10577,886,0,55,0,186,0,241,0,-241
AM,40,2020-09-27,1666,2252,2856,7691,6055,9943,10577,634,0,59,0,193,0,252,0,-252
AM,41,2020-10-04,1666,2302,2856,7859,6055,10161,10577,416,0,50,0,168,0,218,0,-218
AM,42,2020-10-11,1666,2355,2856,8050,6055,10405,10577,172,0,53,0,191,0,244,0,-244
AM,43,2020-10-18,1666,2404,2856,8238,6055,10642,10577,-65,0,49,0,188,0,237,0,-237
AM,44,2020-10-25,1666,2453,2856,8448,6055,10901,10577,-324,0,49,0,210,0,259,0,-259
AM,45,2020-11-01,1666,2492,2856,8648,6055,11140,10577,-563,0,39,0,200,0,239,0,-239
AM,46,2020-11-08,1666,2535,2856,8797,6055,11332,10577,-755,0,43,0,149,0,192,0,-192
AM,47,2020-11-15,1666,2587,2856,8945,6055,11532,10577,-955,0,52,0,148,0,200,0,-200
AM,48,2020-11-22,1666,2643,2856,9138,6055,11781,10577,-1204,0,56,0,193,0,249,0,-249
AM,49,2020-11-29,1666,2689,2856,9314,6055,12003,10577,-1426,0,46,0,176,0,222,0,-222
AM,50,2020-12-06,1666,2748,2856,9517,6055,12265,10577,-1688,0,59,0,203,0,262,0,-262
AM,51,2020-12-13,1666,2791,2856,9682,6055,12473,10577,-1896,0,43,0,165,0,208,0,-208
AM,52,2020-12-20,1666,2854,2856,9889,6055,12743,10577,-2166,0,63,0,207,0,270,0,-270
AM,53,2020-12-27,1666,2902,2856,10025,6055,12927,10577,-2350,0,48,0,136,0,184,0,-184
AP,1,2020-01-01,0,5,9,25,20,30,29,-1,0,5,9,25,20,30,29,-1
AP,2,2020-01-05,0,10,21,55,51,65,72,7,0,5,12,30,31,35,43,8
AP,3,2020-01-12,0,21,30,84,76,105,106,1,0,11,9,29,25,40,34,-6
AP,4,2020-01-19,0,29,43,125,109,154,152,-2,0,8,13,41,33,49,46,-3
AP,5,2020-01-26,0,41,54,157,143,198,197,-1,0,12,11,32,34,44,45,1
AP,6,2020-02-02,0,60,65,172,177,232,242,10,0,19,11,15,34,34,45,11
AP,7,2020-02-09,0,79,84,211,203,290,287,-3,0,19,19,39,26,58,45,-13
AP,8,2020-02-16,0,97,98,234,233,331,331,0,0,18,14,23,30,41,44,3
AP,9,2020-02-23,0,104,109,267,267,371,376,5,0,7,11,33,34,40,45,5
AP,10,2020-03-01,0,119,118,302,298,421,416,-5,0,15,9,35,31,50,40,-10
AP,11,2020-03-08,0,128,118,339,318,467,436,-31,0,9,0,37,20,46,20,-26
AP,12,2020-03-15,0,144,126,381,340,525,466,-59,0,16,8,42,22,58,30,-28
AP,13,2020-03-22,0,169,137,422,355,591,492,-99,0,25,11,41,15,66,26,-40
AP,14,2020-03-29,0,186,141,462,378,648,519,-129,0,17,4,40,23,57,27,-30
AP,15,2020-04-05,1,209,161,495,403,704,565,-139,1,23,20,33,25,56,46,-10
AP,16,2020-04-12,4,223,173,530,431,753,608,-145,3,14,12,35,28,49,43,-6
AP,17,2020-04-19,11,248,183,562,450,810,644,-166,7,25,10,32,19,57,36,-21
AP,18,2020-04-26,36,259,200,602,472,861,708,-153,25,11,17,40,22,51,64,13
AP,19,2020-05-03,81,276,217,631,494,907,792,-115,45,17,17,29,22,46,84,38
AP,20,2020-05-10,141,292,243,674,523,966,907,-59,60,16,26,43,29,59,115,56
AP,21,2020-05-17,213,312,258,717,561,1029,1032,3,72,20,15,43,38,63,125,62
AP,22,2020-05-24,287,327,275,755,588,1082,1150,68,74,15,17,38,27,53,118,65
AP,23,2020-05-31,349,336,286,790,604,1126,1239,113,62,9,11,35,16,44,89,45
AP,24,2020-06-07,381,352,291,836,632,1188,1304,116,32,16,5,46,28,62,65,3
AP,25,2020-06-14,415,370,302,878,647,1248,1364,116,34,18,11,42,15,60,60,0
AP,26,2020-06-21,433,383,313,910,656,1293,1402,109,18,13,11,32,9,45,38,-7
AP,27,2020-06-28,446,393,315,947,671,1340,1432,92,13,10,2,37,15,47,30,-17
AP,28,2020-07-05,456,413,317,979,681,1392,1454,62,10,20,2,32,10,52,22,-30
AP,29,2020-07-12,460,425,319,1010,688,1435,1467,32,4,12,2,31,7,43,13,-30
AP,30,2020-07-19,461,440,320,1039,688,1479,1469,-10,1,15,1,29,0,44,2,-42
AP,31,2020-07-26,461,454,320,1067,688,1521,1469,-52,0,14,0,28,0,42,0,-42
AP,32,2020-08-02,461,472,320,1088,688,1560,1469,-91,0,18,0,21,0,39,0,-39
AP,33,2020-08-09,461,482,320,1120,688,1602,1469,-133,0,10,0,32,0,42,0,-42
AP,34,2020-08-16,461,492,320,1146,688,1638,1469,-169,0,10,0,26,0,36,0,-36
AP,35,2020-08-23,461,502,320,1186,688,1688,1469,-219,0,10,0,40,0,50,0,-50
AP,36,2020-08-30,461,513,320,1217,688,1730,1469,-261,0,11,0,31,0,42,0,-42
AP,37,2020-09-06,461,524,320,1246,688,1770,1469,-301,0,11,0,29,0,40,0,-40
AP,38,2020-09-13,461,533,320,1274,688,1807,1469,-338,0,9,0,28,0,37,0,-37
AP,39,2020-09-20,461,555,320,1304,688,1859,1469,-390,0,22,0,30,0,52,0,-52
AP,40,2020-09-27,461,567,320,1329,688,1896,1469,-427,0,12,0,25,0,37,0,-37
AP,41,2020-10-04,461,572,320,1360,688,1932,1469,-463,0,5,0,31,0,36,0,-36
AP,42,2020-10-11,461,587,320,1387,688,1974,1469,-505,0,15,0,27,0,42,0,-42
AP,43,2020-10-18,461,601,320,1421,688,2022,1469,-553,0,14,0,34,0,48,0,-48
AP,44,2020-10-25,461,615,320,1457,688,2072,1469,-603,0,14,0,36,0,50,0,-50
AP,45,2020-11-01,461,629,320,1494,688,2123,1469,-654,0,14,0,37,0,51,0,-51
AP,46,2020-11-08,461,637,320,1528,688,2165,1469,-696,0,8,0,34,0,42,0,-42
AP,47,2020-11-16,461,646,320,1554,688,2200,1469,-731,0,9,0,26,0,35,0,-35
AP,48,2020-11-22,461,664,320,1577,688,2241,1469,-772,0,18,0,23,0,41,0,-41
AP,49,2020-11-29,461,678,320,1602,688,2280,1469,-811,0,14,0,25,0,39,0,-39
AP,50,2020-12-06,461,683,320,1630,688,2313,1469,-844,0,5,0,28,0,33,0,-33
AP,51,2020-12-13,461,696,320,1658,688,2354,1469,-885,0,13,0,28,0,41,0,-41
AP,52,2020-12-20,461,716,320,1688,688,2404,1469,-935,0,20,0,30,0,50,0,-50
AP,53,2020-12-27,461,728,320,1702,688,2430,1469,-961,0,12,0,14,0,26,0,-26
BA,1,2020-01-01,0,138,132,482,510,620,642,22,0,138,132,482,510,620,642,22
BA,2,2020-01-05,0,381,397,1316,1425,1697,1822,125,0,243,265,834,915,1077,1180,103
BA,3,2020-01-12,0,621,661,2175,2344,2796,3005,209,0,240,264,859,919,1099,1183,84
BA,4,2020-01-19,0,856,893,3023,3235,3879,4128,249,0,235,232,848,891,1083,1123,40
BA,5,2020-01-26,0,1106,1125,3820,4084,4926,5209,283,0,250,232,797,849,1047,1081,34
BA,6,2020-02-02,0,1354,1364,4724,4983,6078,6347,269,0,248,239,904,899,1152,1138,-14
BA,7,2020-02-09,0,1642,1618,5625,5832,7267,7450,183,0,288,254,901,849,1189,1103,-86
BA,8,2020-02-16,0,1899,1853,6505,6729,8404,8582,178,0,257,235,880,897,1137,1132,-5
BA,9,2020-02-23,0,2105,2136,7251,7620,9356,9756,400,0,206,283,746,891,952,1174,222
BA,10,2020-03-01,0,2334,2431,8117,8558,10451,10989,538,0,229,295,866,938,1095,1233,138
BA,11,2020-03-08,0,2556,2697,8953,9407,11509,12104,595,0,222,266,836,849,1058,1115,57
BA,12,2020-03-15,1,2816,2965,9843,10299,12659,13265,606,1,260,268,890,892,1150,1161,11
BA,13,2020-03-22,6,3059,3245,10722,11218,13781,14469,688,5,243,280,879,919,1122,1204,82
BA,14,2020-03-29,14,3310,3507,11565,12172,14875,15693,818,8,251,262,843,954,1094,1224,130
BA,15,2020-04-05,21,3541,3749,12423,13090,15964,16860,896,7,231,242,858,918,1089,1167,78
BA,16,2020-04-12,41,3788,3992,13281,13996,17069,18029,960,20,247,243,858,906,1105,1169,64
BA,17,2020-04-19,86,4030,4241,14169,14919,18199,19246,1047,45,242,249,888,923,1130,1217,87
BA,18,2020-04-26,142,4279,4444,15047,15867,19326,20453,1127,56,249,203,878,948,1127,1207,80
BA,19,2020-05-03,244,4566,4698,15895,16831,20461,21773,1312,102,287,254,848,964,1135,1320,185
BA,20,2020-05-10,386,4818,4915,16819,17766,21637,23067,1430,142,252,217,924,935,1176,1294,118
BA,21,2020-05-17,600,5139,5188,17742,18683,22881,24471,1590,214,321,273,923,917,1244,1404,160
BA,22,2020-05-24,862,5451,5441,18633,19516,24084,25819,1735,262,312,253,891,833,1203,1348,145
BA,23,2020-05-31,1162,5749,5676,19583,20538,25332,27376,2044,300,298,235,950,1022,1248,1557,309
BA,24,2020-06-07,1495,6071,5924,20515,21536,26586,28955,2369,333,322,248,932,998,1254,1579,325
BA,25,2020-06-14,1842,6362,6161,21446,22448,27808,30451,2643,347,291,237,931,912,1222,1496,274
BA,26,2020-06-21,2161,6653,6394,22481,23424,29134,31979,2845,319,291,233,1035,976,1326,1528,202
BA,27,2020-06-28,2497,6918,6634,23444,24305,30362,33436,3074,336,265,240,963,881,1228,1457,229
BA,28,2020-07-05,2812,7220,6847,24483,25093,31703,34752,3049,315,302,213,1039,788,1341,1316,-25
BA,29,2020-07-12,3099,7526,6989,25439,25696,32965,35784,2819,287,306,142,956,603,1262,1032,-230
BA,30,2020-07-19,3158,7825,7015,26451,25830,34276,36003,1727,59,299,26,1012,134,1311,219,-1092
BA,31,2020-07-26,3158,8109,7015,27429,25830,35538,36003,465,0,284,0,978,0,1262,0,-1262
BA,32,2020-08-02,3158,8388,7015,28437,25830,36825,36003,-822,0,279,0,1008,0,1287,0,-1287
BA,33,2020-08-09,3158,8623,7015,29392,25830,38015,36003,-2012,0,235,0,955,0,1190,0,-1190
BA,34,2020-08-16,3158,8903,7015,30364,25830,39267,36003,-3264,0,280,0,972,0,1252,0,-1252
BA,35,2020-08-23,3158,9159,7015,31202,25830,40361,36003,-4358,0,256,0,838,0,1094,0,-1094
BA,36,2020-08-30,3158,9430,7015,32115,25830,41545,36003,-5542,0,271,0,913,0,1184,0,-1184
BA,37,2020-09-06,3158,9678,7015,32966,25830,42644,36003,-6641,0,248,0,851,0,1099,0,-1099
BA,38,2020-09-13,3158,9927,7015,33884,25830,43811,36003,-7808,0,249,0,918,0,1167,0,-1167
BA,39,2020-09-20,3158,10183,7015,34838,25830,45021,36003,-9018,0,256,0,954,0,1210,0,-1210
BA,40,2020-09-27,3158,10489,7015,35759,25830,46248,36003,-10245,0,306,0,921,0,1227,0,-1227
BA,41,2020-10-04,3158,10759,7015,36671,25830,47430,36003,-11427,0,270,0,912,0,1182,0,-1182
BA,42,2020-10-11,3158,11015,7015,37626,25830,48641,36003,-12638,0,256,0,955,0,1211,0,-1211
BA,43,2020-10-18,3158,11290,7015,38566,25830,49856,36003,-13853,0,275,0,940,0,1215,0,-1215
BA,44,2020-10-25,3158,11512,7015,39468,25830,50980,36003,-14977,0,222,0,902,0,1124,0,-1124
BA,45,2020-11-01,3158,11774,7015,40316,25830,52090,36003,-16087,0,262,0,848,0,1110,0,-1110
BA,46,2020-11-08,3158,12031,7015,41190,25830,53221,36003,-17218,0,257,0,874,0,1131,0,-1131
BA,47,2020-11-15,3158,12292,7015,42055,25830,54347,36003,-18344,0,261,0,865,0,1126,0,-1126
BA,48,2020-11-22,3158,12574,7015,42977,25830,55551,36003,-19548,0,282,0,922,0,1204,0,-1204
BA,49,2020-11-29,3158,12838,7015,43884,25830,56722,36003,-20719,0,264,0,907,0,1171,0,-1171
BA,50,2020-12-06,3158,13094,7015,44762,25830,57856,36003,-21853,0,256,0,878,0,1134,0,-1134
BA,51,2020-12-13,3158,13318,7015,45647,25830,58965,36003,-22962,0,224,0,885,0,1109,0,-1109
BA,52,2020-12-20,3158,13591,7015,46526,25830,60117,36003,-24114,0,273,0,879,0,1152,0,-1152
BA,53,2020-12-27,3158,13768,7015,47156,25830,60924,36003,-24921,0,177,0,630,0,807,0,-807
CE,1,2020-01-01,0,87,104,363,326,450,430,-20,0,87,104,363,326,450,430,-20
CE,2,2020-01-05,0,258,280,893,856,1151,1136,-15,0,171,176,530,530,701,706,5
CE,3,2020-01-12,0,406,454,1382,1381,1788,1835,47,0,148,174,489,525,637,699,62
CE,4,2020-01-19,0,587,638,1956,1903,2543,2541,-2,0,181,184,574,522,755,706,-49
CE,5,2020-01-26,0,759,825,2490,2454,3249,3279,30,0,172,187,534,551,706,738,32
CE,6,2020-02-02,0,923,992,3018,3007,3941,3999,58,0,164,167,528,553,692,720,28
CE,7,2020-02-09,0,1089,1182,3559,3589,4648,4771,123,0,166,190,541,582,707,772,65
CE,8,2020-02-16,0,1301,1374,4030,4128,5331,5502,171,0,212,192,471,539,683,731,48
CE,9,2020-02-23,0,1463,1610,4496,4734,5959,6344,385,0,162,236,466,606,628,842,214
CE,10,2020-03-01,0,1667,1826,5061,5301,6728,7127,399,0,204,216,565,567,769,783,14
CE,11,2020-03-08,0,1875,2054,5667,5855,7542,7909,367,0,208,228,606,554,814,782,-32
CE,12,2020-03-15,4,2091,2271,6224,6430,8315,8705,390,4,216,217,557,575,773,796,23
CE,13,2020-03-22,26,2307,2479,6781,7043,9088,9548,460,22,216,208,557,613,773,843,70
CE,14,2020-03-29,75,2544,2686,7330,7613,9874,10374,500,49,237,207,549,570,786,826,40
CE,15,2020-04-05,156,2803,2913,7904,8218,10707,11287,580,81,259,227,574,605,833,913,80
CE,16,2020-04-12,297,3038,3130,8483,8799,11521,12226,705,141,235,217,579,581,814,939,125
CE,17,2020-04-19,561,3343,3362,9089,9438,12432,13361,929,264,305,232,606,639,911,1135,224
CE,18,2020-04-26,1062,3625,3604,9684,10182,13309,14848,1539,501,282,242,595,744,877,1487,610
CE,19,2020-05-03,1933,3889,3877,10256,10971,14145,16781,2636,871,264,273,572,789,836,1933,1097
CE,20,2020-05-10,2910,4129,4141,10868,11695,14997,18746,3749,977,240,264,612,724,852,1965,1113
CE,21,2020-05-17,3816,4367,4378,11450,12451,15817,20645,4828,906,238,237,582,756,820,1899,1079
CE,22,2020-05-24,4494,4584,4532,11994,13100,16578,22126,5548,678,217,154,544,649,761,1481,720
CE,23,2020-05-31,5031,4789,4687,12605,13668,17394,23386,5992,537,205,155,611,568,816,1260,444
CE,24,2020-06-07,5412,4988,4827,13171,14233,18159,24472,6313,381,199,140,566,565,765,1086,321
CE,25,2020-06-14,5719,5170,4949,13687,14764,18857,25432,6575,307,182,122,516,531,698,960,262
CE,26,2020-06-21,6002,5379,5074,14224,15260,19603,26336,6733,283,209,125,537,496,746,904,158
CE,27,2020-06-28,6256,5597,5212,14781,15742,20378,27210,6832,254,218,138,557,482,775,874,99
CE,28,2020-07-05,6463,5816,5339,15310,16129,21126,27931,6805,207,219,127,529,387,748,721,-27
CE,29,2020-07-12,6562,5984,5412,15814,16364,21798,28338,6540,99,168,73,504,235,672,407,-265
CE,30,2020-07-19,6573,6202,5428,16338,16791,22540,28792,6252,11,218,16,524,427,742,454,-288
CE,31,2020-07-26,6573,6380,5428,16918,16791,23298,28792,5494,0,178,0,580,0,758,0,-758
CE,32,2020-08-02,6573,6563,5428,17397,16791,23960,28792,4832,0,183,0,479,0,662,0,-662
CE,33,2020-08-09,6573,6723,5428,17893,16791,24616,28792,4176,0,160,0,496,0,656,0,-656
CE,34,2020-08-16,6573,6840,5428,18307,16791,25147,28792,3645,0,117,0,414,0,531,0,-531
CE,35,2020-08-23,6573,7027,5428,18786,16791,25813,28792,2979,0,187,0,479,0,666,0,-666
CE,36,2020-08-30,6573,7203,5428,19311,16791,26514,28792,2278,0,176,0,525,0,701,0,-701
CE,37,2020-09-06,6573,7379,5428,19831,16791,27210,28792,1582,0,176,0,520,0,696,0,-696
CE,38,2020-09-13,6573,7554,5428,20331,16791,27885,28792,907,0,175,0,500,0,675,0,-675
CE,39,2020-09-20,6573,7735,5428,20819,16791,28554,28792,238,0,181,0,488,0,669,0,-669
CE,40,2020-09-27,6573,7905,5428,21350,16791,29255,28792,-463,0,170,0,531,0,701,0,-701
CE,41,2020-10-04,6573,8077,5428,21909,16791,29986,28792,-1194,0,172,0,559,0,731,0,-731
CE,42,2020-10-11,6573,8252,5428,22459,16791,30711,28792,-1919,0,175,0,550,0,725,0,-725
CE,43,2020-10-18,6573,8433,5428,22967,16791,31400,28792,-2608,0,181,0,508,0,689,0,-689
CE,44,2020-10-25,6573,8619,5428,23506,16791,32125,28792,-3333,0,186,0,539,0,725,0,-725
CE,45,2020-11-01,6573,8793,5428,24068,16791,32861,28792,-4069,0,174,0,562,0,736,0,-736
CE,46,2020-11-08,6573,8994,5428,24584,16791,33578,28792,-4786,0,201,0,516,0,717,0,-717
CE,47,2020-11-15,6573,9162,5428,25165,16791,34327,28792,-5535,0,168,0,581,0,749,0,-749
CE,48,2020-11-22,6573,9329,5428,25716,16791,35045,28792,-6253,0,167,0,551,0,718,0,-718
CE,49,2020-11-29,6573,9520,5428,26272,16791,35792,28792,-7000,0,191,0,556,0,747,0,-747
CE,50,2020-12-06,6573,9708,5428,26798,16791,36506,28792,-7714,0,188,0,526,0,714,0,-714
CE,51,2020-12-13,6573,9891,5428,27361,16791,37252,28792,-8460,0,183,0,563,0,746,0,-746
CE,52,2020-12-20,6573,10067,5428,27894,16791,37961,28792,-9169,0,176,0,533,0,709,0,-709
CE,53,2020-12-27,6573,10197,5428,28299,16791,38496,28792,-9704,0,130,0,405,0,535,0,-535
DF,1,2020-01-01,0,44,54,115,103,159,157,-2,0,44,54,115,103,159,157,-2
DF,2,2020-01-05,0,126,143,286,271,412,414,2,0,82,89,171,168,253,257,4
DF,3,2020-01-12,0,207,224,463,447,670,671,1,0,81,81,177,176,258,257,-1
DF,4,2020-01-19,0,282,308,635,653,917,961,44,0,75,84,172,206,247,290,43
DF,5,2020-01-26,0,361,398,787,840,1148,1238,90,0,79,90,152,187,231,277,46
DF,6,2020-02-02,0,428,470,959,1019,1387,1489,102,0,67,72,172,179,239,251,12
DF,7,2020-02-09,0,504,545,1131,1182,1635,1727,92,0,76,75,172,163,248,238,-10
DF,8,2020-02-16,0,580,623,1306,1341,1886,1964,78,0,76,78,175,159,251,237,-14
DF,9,2020-02-23,0,635,700,1442,1525,2077,2225,148,0,55,77,136,184,191,261,70
DF,10,2020-03-01,0,715,771,1627,1711,2342,2482,140,0,80,71,185,186,265,257,-8
DF,11,2020-03-08,0,782,845,1810,1940,2592,2785,193,0,67,74,183,229,250,303,53
DF,12,2020-03-15,0,868,939,1991,2138,2859,3077,218,0,86,94,181,198,267,292,25
DF,13,2020-03-22,5,933,1033,2180,2300,3113,3338,225,5,65,94,189,162,254,261,7
DF,14,2020-03-29,23,1007,1119,2364,2493,3371,3635,264,18,74,86,184,193,258,297,39
DF,15,2020-04-05,30,1081,1200,2554,2692,3635,3922,287,7,74,81,190,199,264,287,23
DF,16,2020-04-12,44,1158,1271,2728,2862,3886,4177,291,14,77,71,174,170,251,255,4
DF,17,2020-04-19,52,1248,1324,2919,3042,4167,4418,251,8,90,53,191,180,281,241,-40
DF,18,2020-04-26,66,1344,1382,3126,3231,4470,4679,209,14,96,58,207,189,303,261,-42
DF,19,2020-05-03,81,1440,1449,3279,3395,4719,4925,206,15,96,67,153,164,249,246,-3
DF,20,2020-05-10,106,1540,1520,3467,3570,5007,5196,189,25,100,71,188,175,288,271,-17
DF,21,2020-05-17,157,1628,1594,3622,3720,5250,5471,221,51,88,74,155,150,243,275,32
DF,22,2020-05-24,238,1723,1657,3794,3886,5517,5781,264,81,95,63,172,166,267,310,43
DF,23,2020-05-31,330,1819,1728,3948,4065,5767,6123,356,92,96,71,154,179,250,342,92
DF,24,2020-06-07,436,1924,1795,4127,4257,6051,6488,437,106,105,67,179,192,284,365,81
DF,25,2020-06-14,567,2032,1874,4324,4426,6356,6867,511,131,108,79,197,169,305,379,74
DF,26,2020-06-21,687,2129,1959,4481,4583,6610,7229,619,120,97,85,157,157,254,362,108
DF,27,2020-06-28,858,2226,2036,4665,4748,6891,7642,751,171,97,77,184,165,281,413,132
DF,28,2020-07-05,1017,2308,2095,4848,4938,7156,8050,894,159,82,59,183,190,265,408,143
DF,29,2020-07-12,1185,2387,2158,5070,5136,7457,8479,1022,168,79,63,222,198,301,429,128
DF,30,2020-07-19,1226,2456,2184,5304,5204,7760,8614,854,41,69,26,234,68,303,135,-168
DF,31,2020-07-26,1226,2535,2184,5491,5204,8026,8614,588,0,79,0,187,0,266,0,-266
DF,32,2020-08-02,1226,2630,2184,5681,5204,8311,8614,303,0,95,0,190,0,285,0,-285
DF,33,2020-08-09,1226,2714,2184,5868,5204,8582,8614,32,0,84,0,187,0,271,0,-271
DF,34,2020-08-16,1226,2822,2184,6067,5204,8889,8614,-275,0,108,0,199,0,307,0,-307
DF,35,2020-08-23,1226,2908,2184,6244,5204,9152,8614,-538,0,86,0,177,0,263,0,-263
DF,36,2020-08-30,1226,3018,2184,6439,5204,9457,8614,-843,0,110,0,195,0,305,0,-305
DF,37,2020-09-06,1226,3101,2184,6637,5204,9738,8614,-1124,0,83,0,198,0,281,0,-281
DF,38,2020-09-13,1226,3188,2184,6818,5204,10006,8614,-1392,0,87,0,181,0,268,0,-268
DF,39,2020-09-20,1226,3289,2184,7039,5204,10328,8614,-1714,0,101,0,221,0,322,0,-322
DF,40,2020-09-27,1226,3369,2184,7221,5204,10590,8614,-1976,0,80,0,182,0,262,0,-262
DF,41,2020-10-04,1226,3441,2184,7419,5204,10860,8614,-2246,0,72,0,198,0,270,0,-270
DF,42,2020-10-11,1226,3530,2184,7630,5204,11160,8614,-2546,0,89,0,211,0,300,0,-300
DF,43,2020-10-18,1226,3617,2184,7844,5204,11461,8614,-2847,0,87,0,214,0,301,0,-301
DF,44,2020-10-25,1226,3687,2184,8018,5204,11705,8614,-3091,0,70,0,174,0,244,0,-244
DF,45,2020-11-01,1226,3779,2184,8200,5204,11979,8614,-3365,0,92,0,182,0,274,0,-274
DF,46,2020-11-08,1226,3885,2184,8375,5204,12260,8614,-3646,0,106,0,175,0,281,0,-281
DF,47,2020-11-15,1226,3949,2184,8547,5204,12496,8614,-3882,0,64,0,172,0,236,0,-236
DF,48,2020-11-22,1226,4021,2184,8735,5204,12756,8614,-4142,0,72,0,188,0,260,0,-260
DF,49,2020-11-29,1226,4109,2184,8906,5204,13015,8614,-4401,0,88,0,171,0,259,0,-259
DF,50,2020-12-06,1226,4189,2184,9064,5204,13253,8614,-4639,0,80,0,158,0,238,0,-238
DF,51,2020-12-13,1226,4280,2184,9237,5204,13517,8614,-4903,0,91,0,173,0,264,0,-264
DF,52,2020-12-20,1226,4357,2184,9399,5204,13756,8614,-5142,0,77,0,162,0,239,0,-239
DF,53,2020-12-27,1226,4422,2184,9526,5204,13948,8614,-5334,0,65,0,127,0,192,0,-192
ES,1,2020-01-01,0,73,66,213,172,286,238,-48,0,73,66,213,172,286,238,-48
ES,2,2020-01-05,0,201,162,517,500,718,662,-56,0,128,96,304,328,432,424,-8
ES,3,2020-01-12,0,313,304,795,869,1108,1173,65,0,112,142,278,369,390,511,121
ES,4,2020-01-19,0,433,427,1125,1197,1558,1624,66,0,120,123,330,328,450,451,1
ES,5,2020-01-26,0,557,524,1430,1497,1987,2021,34,0,124,97,305,300,429,397,-32
ES,6,2020-02-02,0,665,637,1706,1799,2371,2436,65,0,108,113,276,302,384,415,31
ES,7,2020-02-09,0,750,751,2021,2108,2771,2859,88,0,85,114,315,309,400,423,23
ES,8,2020-02-16,0,844,859,2317,2437,3161,3296,135,0,94,108,296,329,390,437,47
ES,9,2020-02-23,0,946,952,2592,2774,3538,3726,188,0,102,93,275,337,377,430,53
ES,10,2020-03-01,0,1076,1054,2920,3042,3996,4096,100,0,130,102,328,268,458,370,-88
ES,11,2020-03-08,0,1187,1176,3210,3406,4397,4582,185,0,111,122,290,364,401,486,85
ES,12,2020-03-15,0,1308,1299,3561,3724,4869,5023,154,0,121,123,351,318,472,441,-31
ES,13,2020-03-22,0,1427,1428,3864,4036,5291,5464,173,0,119,129,303,312,422,441,19
ES,14,2020-03-29,7,1539,1558,4174,4357,5713,5922,209,7,112,130,310,321,422,458,36
ES,15,2020-04-05,19,1658,1675,4506,4668,6164,6362,198,12,119,117,332,311,451,440,-11
ES,16,2020-04-12,42,1797,1788,4785,4979,6582,6809,227,23,139,113,279,311,418,447,29
ES,17,2020-04-19,73,1927,1880,5106,5266,7033,7219,186,31,130,92,321,287,451,410,-41
ES,18,2020-04-26,128,2044,1996,5379,5570,7423,7694,271,55,117,116,273,304,390,475,85
ES,19,2020-05-03,187,2182,2124,5676,5862,7858,8173,315,59,138,128,297,292,435,479,44
ES,20,2020-05-10,306,2314,2248,6012,6186,8326,8740,414,119,132,124,336,324,468,567,99
ES,21,2020-05-17,460,2441,2377,6344,6533,8785,9370,585,154,127,129,332,347,459,630,171
ES,22,2020-05-24,666,2584,2497,6670,6848,9254,10011,757,206,143,120,326,315,469,641,172
ES,23,2020-05-31,900,2721,2612,6994,7207,9715,10719,1004,234,137,115,324,359,461,708,247
ES,24,2020-06-07,1122,2868,2730,7345,7536,10213,11388,1175,222,147,118,351,329,498,669,171
ES,25,2020-06-14,1392,3003,2850,7688,7814,10691,12056,1365,270,135,120,343,278,478,668,190
ES,26,2020-06-21,1605,3152,2954,8017,8117,11169,12676,1507,213,149,104,329,303,478,620,142
ES,27,2020-06-28,1849,3281,3042,8371,8423,11652,13314,1662,244,129,88,354,306,483,638,155
ES,28,2020-07-05,2043,3414,3155,8659,8728,12073,13926,1853,194,133,113,288,305,421,612,191
ES,29,2020-07-12,2226,3579,3222,8985,8969,12564,14417,1853,183,165,67,326,241,491,491,0
ES,30,2020-07-19,2251,3734,3231,9333,9019,13067,14501,1434,25,155,9,348,50,503,84,-419
ES,31,2020-07-26,2251,3874,3231,9662,9019,13536,14501,965,0,140,0,329,0,469,0,-469
ES,32,2020-08-02,2251,3997,3231,10018,9019,14015,14501,486,0,123,0,356,0,479,0,-479
ES,33,2020-08-09,2251,4140,3231,10356,9019,14496,14501,5,0,143,0,338,0,481,0,-481
ES,34,2020-08-16,2251,4277,3231,10669,9019,14946,14501,-445,0,137,0,313,0,450,0,-450
ES,35,2020-08-23,2251,4412,3231,10966,9019,15378,14501,-877,0,135,0,297,0,432,0,-432
ES,36,2020-08-30,2251,4551,3231,11301,9019,15852,14501,-1351,0,139,0,335,0,474,0,-474
ES,37,2020-09-06,2251,4684,3231,11613,9019,16297,14501,-1796,0,133,0,312,0,445,0,-445
ES,38,2020-09-13,2251,4814,3231,11945,9019,16759,14501,-2258,0,130,0,332,0,462,0,-462
ES,39,2020-09-20,2251,4939,3231,12230,9019,17169,14501,-2668,0,125,0,285,0,410,0,-410
ES,40,2020-09-27,2251,5077,3231,12542,9019,17619,14501,-3118,0,138,0,312,0,450,0,-450
ES,41,2020-10-04,2251,5190,3231,12836,9019,18026,14501,-3525,0,113,0,294,0,407,0,-407
ES,42,2020-10-11,2251,5295,3231,13137,9019,18432,14501,-3931,0,105,0,301,0,406,0,-406
ES,43,2020-10-18,2251,5411,3231,13427,9019,18838,14501,-4337,0,116,0,290,0,406,0,-406
ES,44,2020-10-25,2251,5533,3231,13743,9019,19276,14501,-4775,0,122,0,316,0,438,0,-438
ES,45,2020-11-01,2251,5642,3231,14046,9019,19688,14501,-5187,0,109,0,303,0,412,0,-412
ES,46,2020-11-08,2251,5768,3231,14338,9019,20106,14501,-5605,0,126,0,292,0,418,0,-418
ES,47,2020-11-15,2251,5890,3231,14656,9019,20546,14501,-6045,0,122,0,318,0,440,0,-440
ES,48,2020-11-22,2251,5990,3231,14968,9019,20958,14501,-6457,0,100,0,312,0,412,0,-412
ES,49,2020-11-29,2251,6126,3231,15277,9019,21403,14501,-6902,0,136,0,309,0,445,0,-445
ES,50,2020-12-06,2251,6245,3231,15605,9019,21850,14501,-7349,0,119,0,328,0,447,0,-447
ES,51,2020-12-13,2251,6367,3231,15947,9019,22314,14501,-7813,0,122,0,342,0,464,0,-464
ES,52,2020-12-20,2251,6484,3231,16267,9019,22751,14501,-8250,0,117,0,320,0,437,0,-437
ES,53,2020-12-27,2251,6565,3231,16483,9019,23048,14501,-8547,0,81,0,216,0,297,0,-297
GO,1,2020-01-01,0,88,97,196,204,284,301,17,0,88,97,196,204,284,301,17
GO,2,2020-01-05,0,253,289,570,556,823,845,22,0,165,192,374,352,539,544,5
GO,3,2020-01-12,0,426,465,953,942,1379,1407,28,0,173,176,383,386,556,562,6
GO,4,2020-01-19,0,606,646,1300,1294,1906,1940,34,0,180,181,347,352,527,533,6
GO,5,2020-01-26,0,793,839,1659,1637,2452,2476,24,0,187,193,359,343,546,536,-10
GO,6,2020-02-02,0,969,1018,2008,2019,2977,3037,60,0,176,179,349,382,525,561,36
GO,7,2020-02-09,0,1143,1209,2360,2332,3503,3541,38,0,174,191,352,313,526,504,-22
GO,8,2020-02-16,0,1301,1374,2697,2683,3998,4057,59,0,158,165,337,351,495,516,21
GO,9,2020-02-23,0,1449,1535,3015,3054,4464,4589,125,0,148,161,318,371,466,532,66
GO,10,2020-03-01,0,1591,1742,3338,3389,4929,5131,202,0,142,207,323,335,465,542,77
GO,11,2020-03-08,0,1769,1964,3705,3761,5474,5725,251,0,178,222,367,372,545,594,49
GO,12,2020-03-15,0,1957,2191,4095,4131,6052,6322,270,0,188,227,390,370,578,597,19
GO,13,2020-03-22,3,2170,2393,4412,4454,6582,6850,268,3,213,202,317,323,530,528,-2
GO,14,2020-03-29,14,2357,2585,4776,4805,7133,7404,271,11,187,192,364,351,551,554,3
GO,15,2020-04-05,41,2552,2776,5148,5136,7700,7953,253,27,195,191,372,331,567,549,-18
GO,16,2020-04-12,54,2731,2931,5558,5470,8289,8455,166,13,179,155,410,334,589,502,-87
GO,17,2020-04-19,76,2916,3114,5956,5780,8872,8970,98,22,185,183,398,310,583,515,-68
GO,18,2020-04-26,100,3102,3289,6339,6127,9441,9516,75,24,186,175,383,347,569,546,-23
GO,19,2020-05-03,134,3282,3444,6689,6534,9971,10112,141,34,180,155,350,407,530,596,66
GO,20,2020-05-10,165,3458,3607,7083,6949,10541,10721,180,31,176,163,394,415,570,609,39
GO,21,2020-05-17,209,3638,3762,7436,7314,11074,11285,211,44,180,155,353,365,533,564,31
GO,22,2020-05-24,260,3859,3923,7840,7688,11699,11871,172,51,221,161,404,374,625,586,-39
GO,23,2020-05-31,322,4084,4098,8268,8063,12352,12483,131,62,225,175,428,375,653,612,-41
GO,24,2020-06-07,388,4294,4263,8660,8409,12954,13060,106,66,210,165,392,346,602,577,-25
GO,25,2020-06-14,516,4493,4399,9070,8753,13563,13668,105,128,199,136,410,344,609,608,-1
GO,26,2020-06-21,698,4709,4563,9457,9080,14166,14341,175,182,216,164,387,327,603,673,70
GO,27,2020-06-28,911,4928,4705,9829,9412,14757,15028,271,213,219,142,372,332,591,687,96
GO,28,2020-07-05,1152,5164,4838,10258,9726,15422,15716,294,241,236,133,429,314,665,688,23
GO,29,2020-07-12,1380,5372,4936,10638,9955,16010,16271,261,228,208,98,380,229,588,555,-33
GO,30,2020-07-19,1428,5603,4952,11007,10003,16610,16383,-227,48,231,16,369,48,600,112,-488
GO,31,2020-07-26,1428,5815,4952,11398,10003,17213,16383,-830,0,212,0,391,0,603,0,-603
GO,32,2020-08-02,1428,6024,4952,11736,10003,17760,16383,-1377,0,209,0,338,0,547,0,-547
GO,33,2020-08-09,1428,6205,4952,12030,10003,18235,16383,-1852,0,181,0,294,0,475,0,-475
GO,34,2020-08-16,1428,6429,4952,12385,10003,18814,16383,-2431,0,224,0,355,0,579,0,-579
GO,35,2020-08-23,1428,6620,4952,12725,10003,19345,16383,-2962,0,191,0,340,0,531,0,-531
GO,36,2020-08-30,1428,6827,4952,13098,10003,19925,16383,-3542,0,207,0,373,0,580,0,-580
GO,37,2020-09-06,1428,7022,4952,13484,10003,20506,16383,-4123,0,195,0,386,0,581,0,-581
GO,38,2020-09-13,1428,7246,4952,13883,10003,21129,16383,-4746,0,224,0,399,0,623,0,-623
GO,39,2020-09-20,1428,7484,4952,14282,10003,21766,16383,-5383,0,238,0,399,0,637,0,-637
GO,40,2020-09-27,1428,7682,4952,14681,10003,22363,16383,-5980,0,198,0,399,0,597,0,-597
GO,41,2020-10-04,1428,7887,4952,15042,10003,22929,16383,-6546,0,205,0,361,0,566,0,-566
GO,42,2020-10-11,1428,8090,4952,15372,10003,23462,16383,-7079,0,203,0,330,0,533,0,-533
GO,43,2020-10-18,1428,8321,4952,15700,10003,24021,16383,-7638,0,231,0,328,0,559,0,-559
GO,44,2020-10-25,1428,8503,4952,16040,10003,24543,16383,-8160,0,182,0,340,0,522,0,-522
GO,45,2020-11-01,1428,8666,4952,16390,10003,25056,16383,-8673,0,163,0,350,0,513,0,-513
GO,46,2020-11-08,1428,8836,4952,16768,10003,25604,16383,-9221,0,170,0,378,0,548,0,-548
GO,47,2020-11-15,1428,9006,4952,17113,10003,26119,16383,-9736,0,170,0,345,0,515,0,-515
GO,48,2020-11-22,1428,9182,4952,17452,10003,26634,16383,-10251,0,176,0,339,0,515,0,-515
GO,49,2020-11-29,1428,9372,4952,17809,10003,27181,16383,-10798,0,190,0,357,0,547,0,-547
GO,50,2020-12-06,1428,9546,4952,18145,10003,27691,16383,-11308,0,174,0,336,0,510,0,-510
GO,51,2020-12-13,1428,9718,4952,18499,10003,28217,16383,-11834,0,172,0,354,0,526,0,-526
GO,52,2020-12-20,1428,9923,4952,18846,10003,28769,16383,-12386,0,205,0,347,0,552,0,-552
GO,53,2020-12-27,1428,10064,4952,19139,10003,29203,16383,-12820,0,141,0,293,0,434,0,-434
MA,1,2020-01-01,0,50,40,187,151,237,191,-46,0,50,40,187,151,237,191,-46
MA,2,2020-01-05,0,127,117,486,416,613,533,-80,0,77,77,299,265,376,342,-34
MA,3,2020-01-12,0,204,179,756,662,960,841,-119,0,77,62,270,246,347,308,-39
MA,4,2020-01-19,0,273,255,1008,977,1281,1232,-49,0,69,76,252,315,321,391,70
MA,5,2020-01-26,0,359,347,1254,1240,1613,1587,-26,0,86,92,246,263,332,355,23
MA,6,2020-02-02,0,439,420,1534,1562,1973,1982,9,0,80,73,280,322,360,395,35
MA,7,2020-02-09,0,518,525,1766,1852,2284,2377,93,0,79,105,232,290,311,395,84
MA,8,2020-02-16,0,594,614,2039,2117,2633,2731,98,0,76,89,273,265,349,354,5
MA,9,2020-02-23,0,660,701,2276,2403,2936,3104,168,0,66,87,237,286,303,373,70
MA,10,2020-03-01,0,732,807,2557,2670,3289,3477,188,0,72,106,281,267,353,373,20
MA,11,2020-03-08,0,824,920,2796,2925,3620,3845,225,0,92,113,239,255,331,368,37
MA,12,2020-03-15,0,923,1020,3052,3198,3975,4218,243,0,99,100,256,273,355,373,18
MA,13,2020-03-22,0,1014,1121,3324,3474,4338,4595,257,0,91,101,272,276,363,377,14
MA,14,2020-03-29,0,1087,1212,3589,3747,4676,4959,283,0,73,91,265,273,338,364,26
MA,15,2020-04-05,18,1181,1313,3856,4017,5037,5348,311,18,94,101,267,270,361,389,28
MA,16,2020-04-12,54,1285,1406,4112,4281,5397,5741,344,36,104,93,256,264,360,393,33
MA,17,2020-04-19,140,1376,1616,4402,4644,5778,6400,622,86,91,210,290,363,381,659,278
MA,18,2020-04-26,271,1472,1922,4656,5066,6128,7259,1131,131,96,306,254,422,350,859,509
MA,19,2020-05-03,414,1574,2230,4951,5456,6525,8100,1575,143,102,308,295,390,397,841,444
MA,20,2020-05-10,582,1662,2486,5225,5849,6887,8917,2030,168,88,256,274,393,362,817,455
MA,21,2020-05-17,777,1760,2677,5508,6226,7268,9680,2412,195,98,191,283,377,381,763,382
MA,22,2020-05-24,972,1860,2825,5819,6563,7679,10360,2681,195,100,148,311,337,411,680,269
MA,23,2020-05-31,1158,1960,2946,6116,6898,8076,11002,2926,186,100,121,297,335,397,642,245
MA,24,2020-06-07,1293,2042,3054,6378,7176,8420,11523,3103,135,82,108,262,278,344,521,177
MA,25,2020-06-14,1402,2122,3150,6616,7472,8738,12024,3286,109,80,96,238,296,318,501,183
MA,26,2020-06-21,1490,2189,3248,6906,7731,9095,12469,3374,88,67,98,290,259,357,445,88
MA,27,2020-06-28,1564,2271,3319,7167,7933,9438,12816,3378,74,82,71,261,202,343,347,4
MA,28,2020-07-05,1623,2342,3369,7432,8108,9774,13100,3326,59,71,50,265,175,336,284,-52
MA,29,2020-07-12,1641,2434,3391,7655,8178,10089,13210,3121,18,92,22,223,70,315,110,-205
MA,30,2020-07-19,1645,2510,3401,7922,8187,10432,13233,2801,4,76,10,267,9,343,23,-320
MA,31,2020-07-26,1645,2584,3401,8154,8187,10738,13233,2495,0,74,0,232,0,306,0,-306
MA,32,2020-08-02,1645,2657,3401,8361,8187,11018,13233,2215,0,73,0,207,0,280,0,-280
MA,33,2020-08-09,1645,2736,3401,8594,8187,11330,13233,1903,0,79,0,233,0,312,0,-312
MA,34,2020-08-16,1645,2823,3401,8834,8187,11657,13233,1576,0,87,0,240,0,327,0,-327
MA,35,2020-08-23,1645,2889,3401,9063,8187,11952,13233,1281,0,66,0,229,0,295,0,-295
MA,36,2020-08-30,1645,2953,3401,9294,8187,12247,13233,986,0,64,0,231,0,295,0,-295
MA,37,2020-09-06,1645,3020,3401,9579,8187,12599,13233,634,0,67,0,285,0,352,0,-352
MA,38,2020-09-13,1645,3091,3401,9880,8187,12971,13233,262,0,71,0,301,0,372,0,-372
MA,39,2020-09-20,1645,3170,3401,10115,8187,13285,13233,-52,0,79,0,235,0,314,0,-314
MA,40,2020-09-27,1645,3232,3401,10342,8187,13574,13233,-341,0,62,0,227,0,289,0,-289
MA,41,2020-10-04,1645,3303,3401,10570,8187,13873,13233,-640,0,71,0,228,0,299,0,-299
MA,42,2020-10-11,1645,3368,3401,10826,8187,14194,13233,-961,0,65,0,256,0,321,0,-321
MA,43,2020-10-18,1645,3440,3401,11072,8187,14512,13233,-1279,0,72,0,246,0,318,0,-318
MA,44,2020-10-25,1645,3522,3401,11311,8187,14833,13233,-1600,0,82,0,239,0,321,0,-321
MA,45,2020-11-01,1645,3578,3401,11537,8187,15115,13233,-1882,0,56,0,226,0,282,0,-282
MA,46,2020-11-08,1645,3650,3401,11738,8187,15388,13233,-2155,0,72,0,201,0,273,0,-273
MA,47,2020-11-15,1645,3708,3401,11961,8187,15669,13233,-2436,0,58,0,223,0,281,0,-281
MA,48,2020-11-22,1645,3769,3401,12172,8187,15941,13233,-2708,0,61,0,211,0,272,0,-272
MA,49,2020-11-29,1645,3839,3401,12416,8187,16255,13233,-3022,0,70,0,244,0,314,0,-314
MA,50,2020-12-06,1645,3916,3401,12668,8187,16584,13233,-3351,0,77,0,252,0,329,0,-329
MA,51,2020-12-13,1645,3992,3401,12906,8187,16898,13233,-3665,0,76,0,238,0,314,0,-314
MA,52,2020-12-20,1645,4080,3401,13185,8187,17265,13233,-4032,0,88,0,279,0,367,0,-367
MA,53,2020-12-27,1645,4140,3401,13355,8187,17495,13233,-4262,0,60,0,170,0,230,0,-230
MG,1,2020-01-01,0,333,366,885,902,1218,1268,50,0,333,366,885,902,1218,1268,50
MG,2,2020-01-05,0,937,1033,2460,2505,3397,3538,141,0,604,667,1575,1603,2179,2270,91
MG,3,2020-01-12,0,1564,1702,3997,4122,5561,5824,263,0,627,669,1537,1617,2164,2286,122
MG,4,2020-01-19,0,2202,2326,5547,5661,7749,7987,238,0,638,624,1550,1539,2188,2163,-25
MG,5,2020-01-26,0,2783,2914,7066,7233,9849,10147,298,0,581,588,1519,1572,2100,2160,60
MG,6,2020-02-02,0,3368,3517,8610,8801,11978,12318,340,0,585,603,1544,1568,2129,2171,42
MG,7,2020-02-09,0,3945,4117,10113,10417,14058,14534,476,0,577,600,1503,1616,2080,2216,136
MG,8,2020-02-16,0,4483,4710,11572,12058,16055,16768,713,0,538,593,1459,1641,1997,2234,237
MG,9,2020-02-23,0,4940,5290,12924,13630,17864,18920,1056,0,457,580,1352,1572,1809,2152,343
MG,10,2020-03-01,0,5491,5913,14463,15307,19954,21220,1266,0,551,623,1539,1677,2090,2300,210
MG,11,2020-03-08,0,6108,6586,16013,17000,22121,23586,1465,0,617,673,1550,1693,2167,2366,199
MG,12,2020-03-15,0,6727,7331,17576,18727,24303,26058,1755,0,619,745,1563,1727,2182,2472,290
MG,13,2020-03-22,13,7294,7993,19099,20338,26393,28344,1951,13,567,662,1523,1611,2090,2286,196
MG,14,2020-03-29,57,7922,8592,20672,21970,28594,30619,2025,44,628,599,1573,1632,2201,2275,74
MG,15,2020-04-05,104,8551,9189,22346,23581,30897,32874,1977,47,629,597,1674,1611,2303,2255,-48
MG,16,2020-04-12,162,9157,9677,24023,25139,33180,34978,1798,58,606,488,1677,1558,2283,2104,-179
MG,17,2020-04-19,221,9786,10226,25670,26757,35456,37204,1748,59,629,549,1647,1618,2276,2226,-50
MG,18,2020-04-26,294,10415,10788,27340,28345,37755,39427,1672,73,629,562,1670,1588,2299,2223,-76
MG,19,2020-05-03,389,11106,11279,28991,29981,40097,41649,1552,95,691,491,1651,1636,2342,2222,-120
MG,20,2020-05-10,467,11753,11821,30762,31678,42515,43966,1451,78,647,542,1771,1697,2418,2317,-101
MG,21,2020-05-17,579,12435,12353,32462,33252,44897,46184,1287,112,682,532,1700,1574,2382,2218,-164
MG,22,2020-05-24,701,13149,12885,34159,34826,47308,48412,1104,122,714,532,1697,1574,2411,2228,-183
MG,23,2020-05-31,865,13808,13420,35700,36476,49508,50761,1253,164,659,535,1541,1650,2200,2349,149
MG,24,2020-06-07,1066,14555,13978,37516,38090,52071,53134,1063,201,747,558,1816,1614,2563,2373,-190
MG,25,2020-06-14,1295,15302,14431,39231,39463,54533,55189,656,229,747,453,1715,1373,2462,2055,-407
MG,26,2020-06-21,1441,16052,14662,40923,40229,56975,56332,-643,146,750,231,1692,766,2442,1143,-1299
MG,27,2020-06-28,1486,16744,14701,42564,40345,59308,56532,-2776,45,692,39,1641,116,2333,200,-2133
MG,28,2020-07-05,1539,17431,14733,44249,40449,61680,56721,-4959,53,687,32,1685,104,2372,189,-2183
MG,29,2020-07-12,1573,18197,14759,46015,40515,64212,56847,-7365,34,766,26,1766,66,2532,126,-2406
MG,30,2020-07-19,1592,18941,14764,47708,40548,66649,56904,-9745,19,744,5,1693,33,2437,57,-2380
MG,31,2020-07-26,1592,19739,14764,49457,40548,69196,56904,-12292,0,798,0,1749,0,2547,0,-2547
MG,32,2020-08-02,1592,20454,14764,51047,40548,71501,56904,-14597,0,715,0,1590,0,2305,0,-2305
MG,33,2020-08-09,1592,21114,14764,52663,40548,73777,56904,-16873,0,660,0,1616,0,2276,0,-2276
MG,34,2020-08-16,1592,21773,14764,54183,40548,75956,56904,-19052,0,659,0,1520,0,2179,0,-2179
MG,35,2020-08-23,1592,22443,14764,55726,40548,78169,56904,-21265,0,670,0,1543,0,2213,0,-2213
MG,36,2020-08-30,1592,23116,14764,57410,40548,80526,56904,-23622,0,673,0,1684,0,2357,0,-2357
MG,37,2020-09-06,1592,23754,14764,58944,40548,82698,56904,-25794,0,638,0,1534,0,2172,0,-2172
MG,38,2020-09-13,1592,24444,14764,60501,40548,84945,56904,-28041,0,690,0,1557,0,2247,0,-2247
MG,39,2020-09-20,1592,25071,14764,62028,40548,87099,56904,-30195,0,627,0,1527,0,2154,0,-2154
MG,40,2020-09-27,1592,25668,14764,63573,40548,89241,56904,-32337,0,597,0,1545,0,2142,0,-2142
MG,41,2020-10-04,1592,26293,14764,65076,40548,91369,56904,-34465,0,625,0,1503,0,2128,0,-2128
MG,42,2020-10-11,1592,26895,14764,66671,40548,93566,56904,-36662,0,602,0,1595,0,2197,0,-2197
MG,43,2020-10-18,1592,27504,14764,68189,40548,95693,56904,-38789,0,609,0,1518,0,2127,0,-2127
MG,44,2020-10-25,1592,28068,14764,69581,40548,97649,56904,-40745,0,564,0,1392,0,1956,0,-1956
MG,45,2020-11-01,1592,28646,14764,71111,40548,99757,56904,-42853,0,578,0,1530,0,2108,0,-2108
MG,46,2020-11-08,1592,29241,14764,72637,40548,101878,56904,-44974,0,595,0,1526,0,2121,0,-2121
MG,47,2020-11-15,1592,29747,14764,74102,40548,103849,56904,-46945,0,506,0,1465,0,1971,0,-1971
MG,48,2020-11-22,1592,30241,14764,75512,40548,105753,56904,-48849,0,494,0,1410,0,1904,0,-1904
MG,49,2020-11-29,1592,30795,14764,77039,40548,107834,56904,-50930,0,554,0,1527,0,2081,0,-2081
MG,50,2020-12-06,1592,31332,14764,78593,40548,109925,56904,-53021,0,537,0,1554,0,2091,0,-2091
MG,51,2020-12-13,1592,31935,14764,80156,40548,112091,56904,-55187,0,603,0,1563,0,2166,0,-2166
MG,52,2020-12-20,1592,32541,14764,81674,40548,114215,56904,-57311,0,606,0,1518,0,2124,0,-2124
MG,53,2020-12-27,1592,32936,14764,82763,40548,115699,56904,-58795,0,395,0,1089,0,1484,0,-1484
MS,1,2020-01-01,0,47,50,87,91,134,141,7,0,47,50,87,91,134,141,7
MS,2,2020-01-05,0,127,144,270,258,397,402,5,0,80,94,183,167,263,261,-2
MS,3,2020-01-12,0,209,232,444,443,653,675,22,0,82,88,174,185,256,273,17
MS,4,2020-01-19,0,299,308,621,628,920,936,16,0,90,76,177,185,267,261,-6
MS,5,2020-01-26,0,389,386,822,800,1211,1186,-25,0,90,78,201,172,291,250,-41
MS,6,2020-02-02,0,464,469,994,1008,1458,1477,19,0,75,83,172,208,247,291,44
MS,7,2020-02-09,0,551,570,1165,1179,1716,1749,33,0,87,101,171,171,258,272,14
MS,8,2020-02-16,0,659,644,1334,1375,1993,2019,26,0,108,74,169,196,277,270,-7
MS,9,2020-02-23,0,727,726,1502,1536,2229,2262,33,0,68,82,168,161,236,243,7
MS,10,2020-03-01,0,791,814,1692,1713,2483,2527,44,0,64,88,190,177,254,265,11
MS,11,2020-03-08,0,870,912,1842,1929,2712,2841,129,0,79,98,150,216,229,314,85
MS,12,2020-03-15,0,942,1023,2010,2163,2952,3186,234,0,72,111,168,234,240,345,105
MS,13,2020-03-22,0,1027,1128,2178,2340,3205,3468,263,0,85,105,168,177,253,282,29
MS,14,2020-03-29,1,1116,1231,2353,2513,3469,3745,276,1,89,103,175,173,264,277,13
MS,15,2020-04-05,2,1223,1314,2517,2683,3740,3999,259,1,107,83,164,170,271,254,-17
MS,16,2020-04-12,5,1320,1391,2680,2880,4000,4276,276,3,97,77,163,197,260,277,17
MS,17,2020-04-19,10,1407,1458,2855,3057,4262,4525,263,5,87,67,175,177,262,249,-13
MS,18,2020-04-26,12,1514,1528,3045,3221,4559,4761,202,2,107,70,190,164,297,236,-61
MS,19,2020-05-03,13,1621,1602,3195,3413,4816,5028,212,1,107,74,150,192,257,267,10
MS,20,2020-05-10,18,1709,1676,3387,3604,5096,5298,202,5,88,74,192,191,280,270,-10
MS,21,2020-05-17,23,1814,1743,3589,3823,5403,5589,186,5,105,67,202,219,307,291,-16
MS,22,2020-05-24,29,1931,1837,3820,4061,5751,5927,176,6,117,94,231,238,348,338,-10
MS,23,2020-05-31,34,2049,1914,4028,4250,6077,6198,121,5,118,77,208,189,326,271,-55
MS,24,2020-06-07,41,2172,2000,4259,4434,6431,6475,44,7,123,86,231,184,354,277,-77
MS,25,2020-06-14,56,2286,2076,4469,4632,6755,6764,9,15,114,76,210,198,324,289,-35
MS,26,2020-06-21,82,2395,2155,4659,4805,7054,7042,-12,26,109,79,190,173,299,278,-21
MS,27,2020-06-28,122,2514,2220,4898,5006,7412,7348,-64,40,119,65,239,201,358,306,-52
MS,28,2020-07-05,164,2637,2298,5105,5158,7742,7620,-122,42,123,78,207,152,330,272,-58
MS,29,2020-07-12,219,2744,2361,5313,5308,8057,7888,-169,55,107,63,208,150,315,268,-47
MS,30,2020-07-19,225,2849,2370,5512,5327,8361,7922,-439,6,105,9,199,19,304,34,-270
MS,31,2020-07-26,225,2962,2370,5723,5327,8685,7922,-763,0,113,0,211,0,324,0,-324
MS,32,2020-08-02,225,3067,2370,5934,5327,9001,7922,-1079,0,105,0,211,0,316,0,-316
MS,33,2020-08-09,225,3182,2370,6122,5327,9304,7922,-1382,0,115,0,188,0,303,0,-303
MS,34,2020-08-16,225,3296,2370,6302,5327,9598,7922,-1676,0,114,0,180,0,294,0,-294
MS,35,2020-08-23,225,3404,2370,6512,5327,9916,7922,-1994,0,108,0,210,0,318,0,-318
MS,36,2020-08-30,225,3510,2370,6729,5327,10239,7922,-2317,0,106,0,217,0,323,0,-323
MS,37,2020-09-06,225,3611,2370,6938,5327,10549,7922,-2627,0,101,0,209,0,310,0,-310
MS,38,2020-09-13,225,3737,2370,7138,5327,10875,7922,-2953,0,126,0,200,0,326,0,-326
MS,39,2020-09-20,225,3832,2370,7332,5327,11164,7922,-3242,0,95,0,194,0,289,0,-289
MS,40,2020-09-27,225,3924,2370,7535,5327,11459,7922,-3537,0,92,0,203,0,295,0,-295
MS,41,2020-10-04,225,4013,2370,7714,5327,11727,7922,-3805,0,89,0,179,0,268,0,-268
MS,42,2020-10-11,225,4092,2370,7900,5327,11992,7922,-4070,0,79,0,186,0,265,0,-265
MS,43,2020-10-18,225,4193,2370,8070,5327,12263,7922,-4341,0,101,0,170,0,271,0,-271
MS,44,2020-10-25,225,4290,2370,8266,5327,12556,7922,-4634,0,97,0,196,0,293,0,-293
MS,45,2020-11-01,225,4395,2370,8465,5327,12860,7922,-4938,0,105,0,199,0,304,0,-304
MS,46,2020-11-08,225,4481,2370,8640,5327,13121,7922,-5199,0,86,0,175,0,261,0,-261
MS,47,2020-11-15,225,4567,2370,8804,5327,13371,7922,-5449,0,86,0,164,0,250,0,-250
MS,48,2020-11-22,225,4657,2370,8987,5327,13644,7922,-5722,0,90,0,183,0,273,0,-273
MS,49,2020-11-29,225,4736,2370,9177,5327,13913,7922,-5991,0,79,0,190,0,269,0,-269
MS,50,2020-12-06,225,4809,2370,9352,5327,14161,7922,-6239,0,73,0,175,0,248,0,-248
MS,51,2020-12-13,225,4876,2370,9505,5327,14381,7922,-6459,0,67,0,153,0,220,0,-220
MS,52,2020-12-20,225,4959,2370,9681,5327,14640,7922,-6718,0,83,0,176,0,259,0,-259
MS,53,2020-12-27,225,5020,2370,9815,5327,14835,7922,-6913,0,61,0,134,0,195,0,-195
MT,1,2020-01-01,0,21,16,105,108,126,124,-2,0,21,16,105,108,126,124,-2
MT,2,2020-01-05,0,39,52,277,336,316,388,72,0,18,36,172,228,190,264,74
MT,3,2020-01-12,0,70,77,450,547,520,624,104,0,31,25,173,211,204,236,32
MT,4,2020-01-19,0,105,110,624,709,729,819,90,0,35,33,174,162,209,195,-14
MT,5,2020-01-26,0,136,141,825,909,961,1050,89,0,31,31,201,200,232,231,-1
MT,6,2020-02-02,0,162,177,995,1112,1157,1289,132,0,26,36,170,203,196,239,43
MT,7,2020-02-09,0,187,196,1163,1339,1350,1535,185,0,25,19,168,227,193,246,53
MT,8,2020-02-16,0,223,225,1330,1540,1553,1765,212,0,36,29,167,201,203,230,27
MT,9,2020-02-23,0,252,250,1515,1755,1767,2005,238,0,29,25,185,215,214,240,26
MT,10,2020-03-01,0,291,281,1694,1982,1985,2263,278,0,39,31,179,227,218,258,40
MT,11,2020-03-08,0,328,311,1918,2255,2246,2566,320,0,37,30,224,273,261,303,42
MT,12,2020-03-15,1,367,354,2120,2482,2487,2837,350,1,39,43,202,227,241,271,30
MT,13,2020-03-22,1,415,376,2310,2704,2725,3081,356,0,48,22,190,222,238,244,6
MT,14,2020-03-29,3,447,414,2536,2875,2983,3292,309,2,32,38,226,171,258,211,-47
MT,15,2020-04-05,5,489,447,2744,3095,3233,3547,314,2,42,33,208,220,250,255,5
MT,16,2020-04-12,6,526,479,2942,3277,3468,3762,294,1,37,32,198,182,235,215,-20
MT,17,2020-04-19,10,564,505,3144,3487,3708,4002,294,4,38,26,202,210,240,240,0
MT,18,2020-04-26,12,603,530,3372,3684,3975,4226,251,2,39,25,228,197,267,224,-43
MT,19,2020-05-03,14,649,560,3582,3869,4231,4443,212,2,46,30,210,185,256,217,-39
MT,20,2020-05-10,17,694,575,3795,4057,4489,4649,160,3,45,15,213,188,258,206,-52
MT,21,2020-05-17,19,730,599,4009,4233,4739,4851,112,2,36,24,214,176,250,202,-48
MT,22,2020-05-24,29,775,626,4198,4465,4973,5120,147,10,45,27,189,232,234,269,35
MT,23,2020-05-31,42,813,652,4430,4719,5243,5413,170,13,38,26,232,254,270,293,23
MT,24,2020-06-07,59,844,679,4642,4996,5486,5734,248,17,31,27,212,277,243,321,78
MT,25,2020-06-14,122,887,712,4876,5304,5763,6138,375,63,43,33,234,308,277,404,127
MT,26,2020-06-21,230,920,749,5069,5525,5989,6504,515,108,33,37,193,221,226,366,140
MT,27,2020-06-28,298,962,774,5294,5794,6256,6866,610,68,42,25,225,269,267,362,95
MT,28,2020-07-05,365,999,792,5524,5903,6523,7060,537,67,37,18,230,109,267,194,-73
MT,29,2020-07-12,429,1042,805,5746,6067,6788,7301,513,64,43,13,222,164,265,241,-24
MT,30,2020-07-19,431,1074,805,5953,6074,7027,7310,283,2,32,0,207,7,239,9,-230
MT,31,2020-07-26,431,1114,805,6156,6074,7270,7310,40,0,40,0,203,0,243,0,-243
MT,32,2020-08-02,431,1146,805,6351,6074,7497,7310,-187,0,32,0,195,0,227,0,-227
MT,33,2020-08-09,431,1180,805,6576,6074,7756,7310,-446,0,34,0,225,0,259,0,-259
MT,34,2020-08-16,431,1207,805,6771,6074,7978,7310,-668,0,27,0,195,0,222,0,-222
MT,35,2020-08-23,431,1246,805,6982,6074,8228,7310,-918,0,39,0,211,0,250,0,-250
MT,36,2020-08-30,431,1288,805,7213,6074,8501,7310,-1191,0,42,0,231,0,273,0,-273
MT,37,2020-09-06,431,1330,805,7471,6074,8801,7310,-1491,0,42,0,258,0,300,0,-300
MT,38,2020-09-13,431,1371,805,7704,6074,9075,7310,-1765,0,41,0,233,0,274,0,-274
MT,39,2020-09-20,431,1409,805,7945,6074,9354,7310,-2044,0,38,0,241,0,279,0,-279
MT,40,2020-09-27,431,1447,805,8162,6074,9609,7310,-2299,0,38,0,217,0,255,0,-255
MT,41,2020-10-04,431,1483,805,8384,6074,9867,7310,-2557,0,36,0,222,0,258,0,-258
MT,42,2020-10-11,431,1518,805,8585,6074,10103,7310,-2793,0,35,0,201,0,236,0,-236
MT,43,2020-10-18,431,1558,805,8812,6074,10370,7310,-3060,0,40,0,227,0,267,0,-267
MT,44,2020-10-25,431,1592,805,9008,6074,10600,7310,-3290,0,34,0,196,0,230,0,-230
MT,45,2020-11-01,431,1635,805,9205,6074,10840,7310,-3530,0,43,0,197,0,240,0,-240
MT,46,2020-11-08,431,1670,805,9389,6074,11059,7310,-3749,0,35,0,184,0,219,0,-219
MT,47,2020-11-15,431,1700,805,9586,6074,11286,7310,-3976,0,30,0,197,0,227,0,-227
MT,48,2020-11-22,431,1731,805,9816,6074,11547,7310,-4237,0,31,0,230,0,261,0,-261
MT,49,2020-11-29,431,1760,805,10072,6074,11832,7310,-4522,0,29,0,256,0,285,0,-285
MT,50,2020-12-06,431,1787,805,10297,6074,12084,7310,-4774,0,27,0,225,0,252,0,-252
MT,51,2020-12-13,431,1822,805,10513,6074,12335,7310,-5025,0,35,0,216,0,251,0,-251
MT,52,2020-12-20,431,1861,805,10722,6074,12583,7310,-5273,0,39,0,209,0,248,0,-248
MT,53,2020-12-27,431,1888,805,10849,6074,12737,7310,-5427,0,27,0,127,0,154,0,-154
PA,1,2020-01-01,0,65,83,153,200,218,283,65,0,65,83,153,200,218,283,65
PA,2,2020-01-05,0,167,221,458,521,625,742,117,0,102,138,305,321,407,459,52
PA,3,2020-01-12,0,320,333,775,790,1095,1123,28,0,153,112,317,269,470,381,-89
PA,4,2020-01-19,0,458,471,1126,1085,1584,1556,-28,0,138,138,351,295,489,433,-56
PA,5,2020-01-26,0,579,604,1420,1394,1999,1998,-1,0,121,133,294,309,415,442,27
PA,6,2020-02-02,0,706,768,1750,1738,2456,2506,50,0,127,164,330,344,457,508,51
PA,7,2020-02-09,0,850,910,2073,2003,2923,2913,-10,0,144,142,323,265,467,407,-60
PA,8,2020-02-16,0,969,1046,2378,2272,3347,3318,-29,0,119,136,305,269,424,405,-19
PA,9,2020-02-23,1,1079,1238,2650,2597,3729,3836,107,1,110,192,272,325,382,518,136
PA,10,2020-03-01,1,1198,1428,2955,2893,4153,4322,169,0,119,190,305,296,424,486,62
PA,11,2020-03-08,1,1346,1605,3271,3211,4617,4817,200,0,148,177,316,318,464,495,31
PA,12,2020-03-15,1,1541,1748,3619,3489,5160,5238,78,0,195,143,348,278,543,421,-122
PA,13,2020-03-22,2,1693,1893,3977,3797,5670,5692,22,1,152,145,358,308,510,454,-56
PA,14,2020-03-29,4,1821,2048,4302,4090,6123,6142,19,2,128,155,325,293,453,450,-3
PA,15,2020-04-05,26,1963,2197,4620,4391,6583,6614,31,22,142,149,318,301,460,472,12
PA,16,2020-04-12,90,2124,2406,4995,4720,7119,7216,97,64,161,209,375,329,536,602,66
PA,17,2020-04-19,309,2259,2743,5276,5190,7535,8242,707,219,135,337,281,470,416,1026,610
PA,18,2020-04-26,624,2398,3160,5573,5695,7971,9479,1508,315,139,417,297,505,436,1237,801
PA,19,2020-05-03,1053,2578,3552,5916,6138,8494,10743,2249,429,180,392,343,443,523,1264,741
PA,20,2020-05-10,1493,2758,3777,6268,6493,9026,11763,2737,440,180,225,352,355,532,1020,488
PA,21,2020-05-17,1880,2898,3962,6525,6821,9423,12663,3240,387,140,185,257,328,397,900,503
PA,22,2020-05-24,2130,3022,4079,6837,7126,9859,13335,3476,250,124,117,312,305,436,672,236
PA,23,2020-05-31,2367,3124,4187,7131,7373,10255,13927,3672,237,102,108,294,247,396,592,196
PA,24,2020-06-07,2541,3261,4263,7366,7617,10627,14421,3794,174,137,76,235,244,372,494,122
PA,25,2020-06-14,2686,3394,4348,7646,7846,11040,14880,3840,145,133,85,280,229,413,459,46
PA,26,2020-06-21,2819,3511,4422,7909,8074,11420,15315,3895,133,117,74,263,228,380,435,55
PA,27,2020-06-28,2930,3621,4498,8154,8232,11775,15660,3885,111,110,76,245,158,355,345,-10
PA,28,2020-07-05,2996,3747,4549,8475,8392,12222,15937,3715,66,126,51,321,160,447,277,-170
PA,29,2020-07-12,3029,3845,4584,8774,8451,12619,16064,3445,33,98,35,299,59,397,127,-270
PA,30,2020-07-19,3030,3962,4585,9046,8454,13008,16069,3061,1,117,1,272,3,389,5,-384
PA,31,2020-07-26,3030,4102,4585,9334,8454,13436,16069,2633,0,140,0,288,0,428,0,-428
PA,32,2020-08-02,3030,4227,4585,9624,8454,13851,16069,2218,0,125,0,290,0,415,0,-415
PA,33,2020-08-09,3030,4384,4585,9947,8454,14331,16069,1738,0,157,0,323,0,480,0,-480
PA,34,2020-08-16,3030,4515,4585,10249,8454,14764,16069,1305,0,131,0,302,0,433,0,-433
PA,35,2020-08-23,3030,4649,4585,10540,8454,15189,16069,880,0,134,0,291,0,425,0,-425
PA,36,2020-08-30,3030,4790,4585,10857,8454,15647,16069,422,0,141,0,317,0,458,0,-458
PA,37,2020-09-06,3030,4943,4585,11164,8454,16107,16069,-38,0,153,0,307,0,460,0,-460
PA,38,2020-09-13,3030,5073,4585,11442,8454,16515,16069,-446,0,130,0,278,0,408,0,-408
PA,39,2020-09-20,3030,5213,4585,11729,8454,16942,16069,-873,0,140,0,287,0,427,0,-427
PA,40,2020-09-27,3030,5349,4585,12018,8454,17367,16069,-1298,0,136,0,289,0,425,0,-425
PA,41,2020-10-04,3030,5484,4585,12315,8454,17799,16069,-1730,0,135,0,297,0,432,0,-432
PA,42,2020-10-11,3030,5634,4585,12586,8454,18220,16069,-2151,0,150,0,271,0,421,0,-421
PA,43,2020-10-18,3030,5752,4585,12846,8454,18598,16069,-2529,0,118,0,260,0,378,0,-378
PA,44,2020-10-25,3030,5889,4585,13146,8454,19035,16069,-2966,0,137,0,300,0,437,0,-437
PA,45,2020-11-01,3030,6020,4585,13439,8454,19459,16069,-3390,0,131,0,293,0,424,0,-424
PA,46,2020-11-08,3030,6135,4585,13728,8454,19863,16069,-3794,0,115,0,289,0,404,0,-404
PA,47,2020-11-15,3030,6237,4585,14012,8454,20249,16069,-4180,0,102,0,284,0,386,0,-386
PA,48,2020-11-22,3030,6366,4585,14308,8454,20674,16069,-4605,0,129,0,296,0,425,0,-425
PA,49,2020-11-29,3030,6511,4585,14639,8454,21150,16069,-5081,0,145,0,331,0,476,0,-476
PA,50,2020-12-06,3030,6667,4585,14962,8454,21629,16069,-5560,0,156,0,323,0,479,0,-479
PA,51,2020-12-13,3030,6801,4585,15286,8454,22087,16069,-6018,0,134,0,324,0,458,0,-458
PA,52,2020-12-20,3030,6940,4585,15603,8454,22543,16069,-6474,0,139,0,317,0,456,0,-456
PA,53,2020-12-27,3030,7040,4585,15802,8454,22842,16069,-6773,0,100,0,199,0,299,0,-299
PB,1,2020-01-01,0,71,89,194,207,265,296,31,0,71,89,194,207,265,296,31
PB,2,2020-01-05,0,190,221,507,523,697,744,47,0,119,132,313,316,432,448,16
PB,3,2020-01-12,0,338,342,845,820,1183,1162,-21,0,148,121,338,297,486,418,-68
PB,4,2020-01-19,0,460,468,1161,1149,1621,1617,-4,0,122,126,316,329,438,455,17
PB,5,2020-01-26,0,581,599,1476,1503,2057,2102,45,0,121,131,315,354,436,485,49
PB,6,2020-02-02,0,717,732,1824,1830,2541,2562,21,0,136,133,348,327,484,460,-24
PB,7,2020-02-09,0,840,848,2172,2136,3012,2984,-28,0,123,116,348,306,471,422,-49
PB,8,2020-02-16,0,950,976,2524,2429,3474,3405,-69,0,110,128,352,293,462,421,-41
PB,9,2020-02-23,0,1057,1093,2818,2747,3875,3840,-35,0,107,117,294,318,401,435,34
PB,10,2020-03-01,0,1212,1221,3153,3077,4365,4298,-67,0,155,128,335,330,490,458,-32
PB,11,2020-03-08,0,1359,1337,3490,3383,4849,4720,-129,0,147,116,337,306,484,422,-62
PB,12,2020-03-15,0,1493,1469,3827,3723,5320,5192,-128,0,134,132,337,340,471,472,1
PB,13,2020-03-22,0,1631,1615,4187,4044,5818,5659,-159,0,138,146,360,321,498,467,-31
PB,14,2020-03-29,6,1763,1723,4532,4357,6295,6086,-209,6,132,108,345,313,477,427,-50
PB,15,2020-04-05,10,1926,1856,4900,4684,6826,6550,-276,4,163,133,368,327,531,464,-67
PB,16,2020-04-12,27,2078,1982,5270,4999,7348,7008,-340,17,152,126,370,315,522,458,-64
PB,17,2020-04-19,48,2211,2077,5586,5307,7797,7432,-365,21,133,95,316,308,449,424,-25
PB,18,2020-04-26,80,2380,2212,5959,5633,8339,7925,-414,32,169,135,373,326,542,493,-49
PB,19,2020-05-03,144,2526,2348,6314,6000,8840,8492,-348,64,146,136,355,367,501,567,66
PB,20,2020-05-10,238,2694,2495,6678,6377,9372,9110,-262,94,168,147,364,377,532,618,86
PB,21,2020-05-17,378,2850,2645,7065,6789,9915,9812,-103,140,156,150,387,412,543,702,159
PB,22,2020-05-24,536,3021,2782,7417,7167,10438,10485,47,158,171,137,352,378,523,673,150
PB,23,2020-05-31,705,3174,2896,7740,7541,10914,11142,228,169,153,114,323,374,476,657,181
PB,24,2020-06-07,858,3338,3020,8072,7892,11410,11770,360,153,164,124,332,351,496,628,132
PB,25,2020-06-14,990,3475,3123,8417,8210,11892,12323,431,132,137,103,345,318,482,553,71
PB,26,2020-06-21,1131,3594,3225,8782,8548,12376,12904,528,141,119,102,365,338,484,581,97
PB,27,2020-06-28,1254,3766,3306,9159,8898,12925,13458,533,123,172,81,377,350,549,554,5
PB,28,2020-07-05,1348,3929,3401,9530,9193,13459,13942,483,94,163,95,371,295,534,484,-50
PB,29,2020-07-12,1429,4072,3468,9904,9406,13976,14303,327,81,143,67,374,213,517,361,-156
PB,30,2020-07-19,1442,4227,3480,10274,9452,14501,14374,-127,13,155,12,370,46,525,71,-454
PB,31,2020-07-26,1442,4367,3480,10649,9452,15016,14374,-642,0,140,0,375,0,515,0,-515
PB,32,2020-08-02,1442,4499,3480,11013,9452,15512,14374,-1138,0,132,0,364,0,496,0,-496
PB,33,2020-08-09,1442,4636,3480,11352,9452,15988,14374,-1614,0,137,0,339,0,476,0,-476
PB,34,2020-08-16,1442,4789,3480,11675,9452,16464,14374,-2090,0,153,0,323,0,476,0,-476
PB,35,2020-08-23,1442,4938,3480,12046,9452,16984,14374,-2610,0,149,0,371,0,520,0,-520
PB,36,2020-08-30,1442,5075,3480,12405,9452,17480,14374,-3106,0,137,0,359,0,496,0,-496
PB,37,2020-09-06,1442,5220,3480,12725,9452,17945,14374,-3571,0,145,0,320,0,465,0,-465
PB,38,2020-09-13,1442,5338,3480,13030,9452,18368,14374,-3994,0,118,0,305,0,423,0,-423
PB,39,2020-09-20,1442,5488,3480,13388,9452,18876,14374,-4502,0,150,0,358,0,508,0,-508
PB,40,2020-09-27,1442,5627,3480,13669,9452,19296,14374,-4922,0,139,0,281,0,420,0,-420
PB,41,2020-10-04,1442,5770,3480,14002,9452,19772,14374,-5398,0,143,0,333,0,476,0,-476
PB,42,2020-10-11,1442,5903,3480,14300,9452,20203,14374,-5829,0,133,0,298,0,431,0,-431
PB,43,2020-10-18,1442,6023,3480,14634,9452,20657,14374,-6283,0,120,0,334,0,454,0,-454
PB,44,2020-10-25,1442,6162,3480,14954,9452,21116,14374,-6742,0,139,0,320,0,459,0,-459
PB,45,2020-11-01,1442,6312,3480,15303,9452,21615,14374,-7241,0,150,0,349,0,499,0,-499
PB,46,2020-11-08,1442,6435,3480,15641,9452,22076,14374,-7702,0,123,0,338,0,461,0,-461
PB,47,2020-11-15,1442,6561,3480,15953,9452,22514,14374,-8140,0,126,0,312,0,438,0,-438
PB,48,2020-11-22,1442,6701,3480,16279,9452,22980,14374,-8606,0,140,0,326,0,466,0,-466
PB,49,2020-11-29,1442,6836,3480,16636,9452,23472,14374,-9098,0,135,0,357,0,492,0,-492
PB,50,2020-12-06,1442,6952,3480,16964,9452,23916,14374,-9542,0,116,0,328,0,444,0,-444
PB,51,2020-12-13,1442,7079,3480,17268,9452,24347,14374,-9973,0,127,0,304,0,431,0,-431
PB,52,2020-12-20,1442,7195,3480,17578,9452,24773,14374,-10399,0,116,0,310,0,426,0,-426
PB,53,2020-12-27,1442,7278,3480,17798,9452,25076,14374,-10702,0,83,0,220,0,303,0,-303
PE,1,2020-01-01,0,139,131,514,485,653,616,-37,0,139,131,514,485,653,616,-37
PE,2,2020-01-05,0,363,378,1286,1348,1649,1726,77,0,224,247,772,863,996,1110,114
PE,3,2020-01-12,0,600,641,2141,2155,2741,2796,55,0,237,263,855,807,1092,1070,-22
PE,4,2020-01-19,0,818,889,2983,3054,3801,3943,142,0,218,248,842,899,1060,1147,87
PE,5,2020-01-26,0,1068,1135,3745,3882,4813,5017,204,0,250,246,762,828,1012,1074,62
PE,6,2020-02-02,0,1280,1380,4534,4728,5814,6108,294,0,212,245,789,846,1001,1091,90
PE,7,2020-02-09,0,1508,1628,5361,5545,6869,7173,304,0,228,248,827,817,1055,1065,10
PE,8,2020-02-16,1,1756,1878,6178,6394,7934,8273,339,1,248,250,817,849,1065,1100,35
PE,9,2020-02-23,1,1975,2153,6929,7258,8904,9412,508,0,219,275,751,864,970,1139,169
PE,10,2020-03-01,1,2204,2436,7773,8139,9977,10576,599,0,229,283,844,881,1073,1164,91
PE,11,2020-03-08,1,2435,2719,8607,9056,11042,11776,734,0,231,283,834,917,1065,1200,135
PE,12,2020-03-15,5,2704,2975,9464,9951,12168,12931,763,4,269,256,857,895,1126,1155,29
PE,13,2020-03-22,11,2993,3229,10345,10891,13338,14131,793,6,289,254,881,940,1170,1200,30
PE,14,2020-03-29,21,3235,3506,11253,11766,14488,15293,805,10,242,277,908,875,1150,1162,12
PE,15,2020-04-05,52,3482,3832,12149,12696,15631,16580,949,31,247,326,896,930,1143,1287,144
PE,16,2020-04-12,128,3735,4213,13000,13670,16735,18011,1276,76,253,381,851,974,1104,1431,327
PE,17,2020-04-19,266,4024,4675,13874,14512,17898,19453,1555,138,289,462,874,842,1163,1442,279
PE,18,2020-04-26,480,4291,5250,14763,15431,19054,21161,2107,214,267,575,889,919,1156,1708,552
PE,19,2020-05-03,814,4556,5971,15634,16477,20190,23262,3072,334,265,721,871,1046,1136,2101,965
PE,20,2020-05-10,1292,4831,6592,16486,17464,21317,25348,4031,478,275,621,852,987,1127,2086,959
PE,21,2020-05-17,1768,5116,7085,17412,18420,22528,27273,4745,476,285,493,926,956,1211,1925,714
PE,22,2020-05-24,2246,5370,7505,18257,19300,23627,29051,5424,478,254,420,845,880,1099,1778,679
PE,23,2020-05-31,2600,5597,7856,19187,20118,24784,30574,5790,354,227,351,930,818,1157,1523,366
PE,24,2020-06-07,2926,5888,8192,20094,20914,25982,32032,6050,326,291,336,907,796,1198,1458,260
PE,25,2020-06-14,3198,6153,8470,20984,21770,27137,33438,6301,272,265,278,890,856,1155,1406,251
PE,26,2020-06-21,3463,6423,8719,21872,22596,28295,34778,6483,265,270,249,888,826,1158,1340,182
PE,27,2020-06-28,3691,6719,8952,22801,23437,29520,36080,6560,228,296,233,929,841,1225,1302,77
PE,28,2020-07-05,3871,7007,9161,23739,24157,30746,37189,6443,180,288,209,938,720,1226,1109,-117
PE,29,2020-07-12,4028,7275,9322,24623,24684,31898,38034,6136,157,268,161,884,527,1152,845,-307
PE,30,2020-07-19,4055,7534,9356,25510,24782,33044,38193,5149,27,259,34,887,98,1146,159,-987
PE,31,2020-07-26,4055,7789,9356,26419,24782,34208,38193,3985,0,255,0,909,0,1164,0,-1164
PE,32,2020-08-02,4055,8046,9356,27325,24782,35371,38193,2822,0,257,0,906,0,1163,0,-1163
PE,33,2020-08-09,4055,8309,9356,28210,24782,36519,38193,1674,0,263,0,885,0,1148,0,-1148
PE,34,2020-08-16,4055,8584,9356,29082,24782,37666,38193,527,0,275,0,872,0,1147,0,-1147
PE,35,2020-08-23,4055,8855,9356,29944,24782,38799,38193,-606,0,271,0,862,0,1133,0,-1133
PE,36,2020-08-30,4055,9083,9356,30838,24782,39921,38193,-1728,0,228,0,894,0,1122,0,-1122
PE,37,2020-09-06,4055,9329,9356,31735,24782,41064,38193,-2871,0,246,0,897,0,1143,0,-1143
PE,38,2020-09-13,4055,9603,9356,32606,24782,42209,38193,-4016,0,274,0,871,0,1145,0,-1145
PE,39,2020-09-20,4055,9861,9356,33455,24782,43316,38193,-5123,0,258,0,849,0,1107,0,-1107
PE,40,2020-09-27,4055,10090,9356,34323,24782,44413,38193,-6220,0,229,0,868,0,1097,0,-1097
PE,41,2020-10-04,4055,10374,9356,35140,24782,45514,38193,-7321,0,284,0,817,0,1101,0,-1101
PE,42,2020-10-11,4055,10623,9356,35958,24782,46581,38193,-8388,0,249,0,818,0,1067,0,-1067
PE,43,2020-10-18,4055,10889,9356,36815,24782,47704,38193,-9511,0,266,0,857,0,1123,0,-1123
PE,44,2020-10-25,4055,11141,9356,37613,24782,48754,38193,-10561,0,252,0,798,0,1050,0,-1050
PE,45,2020-11-01,4055,11398,9356,38443,24782,49841,38193,-11648,0,257,0,830,0,1087,0,-1087
PE,46,2020-11-08,4055,11642,9356,39319,24782,50961,38193,-12768,0,244,0,876,0,1120,0,-1120
PE,47,2020-11-15,4055,11873,9356,40191,24782,52064,38193,-13871,0,231,0,872,0,1103,0,-1103
PE,48,2020-11-22,4055,12135,9356,41072,24782,53207,38193,-15014,0,262,0,881,0,1143,0,-1143
PE,49,2020-11-29,4055,12380,9356,41903,24782,54283,38193,-16090,0,245,0,831,0,1076,0,-1076
PE,50,2020-12-06,4055,12654,9356,42791,24782,55445,38193,-17252,0,274,0,888,0,1162,0,-1162
PE,51,2020-12-13,4055,12908,9356,43657,24782,56565,38193,-18372,0,254,0,866,0,1120,0,-1120
PE,52,2020-12-20,4055,13161,9356,44553,24782,57714,38193,-19521,0,253,0,896,0,1149,0,-1149
PE,53,2020-12-27,4055,13349,9356,45163,24782,58512,38193,-20319,0,188,0,610,0,798,0,-798
PI,1,2020-01-01,0,42,38,94,89,136,127,-9,0,42,38,94,89,136,127,-9
PI,2,2020-01-05,0,120,98,255,238,375,336,-39,0,78,60,161,149,239,209,-30
PI,3,2020-01-12,0,215,156,439,355,654,511,-143,0,95,58,184,117,279,175,-104
PI,4,2020-01-19,0,284,225,585,497,869,722,-147,0,69,69,146,142,215,211,-4
PI,5,2020-01-26,0,361,300,741,636,1102,936,-166,0,77,75,156,139,233,214,-19
PI,6,2020-02-02,0,434,357,896,804,1330,1161,-169,0,73,57,155,168,228,225,-3
PI,7,2020-02-09,0,516,433,1053,969,1569,1402,-167,0,82,76,157,165,239,241,2
PI,8,2020-02-16,0,594,497,1240,1106,1834,1603,-231,0,78,64,187,137,265,201,-64
PI,9,2020-02-23,0,671,561,1368,1259,2039,1820,-219,0,77,64,128,153,205,217,12
PI,10,2020-03-01,0,749,637,1525,1388,2274,2025,-249,0,78,76,157,129,235,205,-30
PI,11,2020-03-08,0,850,707,1696,1532,2546,2239,-307,0,101,70,171,144,272,214,-58
PI,12,2020-03-15,0,934,791,1866,1683,2800,2474,-326,0,84,84,170,151,254,235,-19
PI,13,2020-03-22,2,1015,878,2040,1852,3055,2732,-323,2,81,87,174,169,255,258,3
PI,14,2020-03-29,4,1097,978,2214,2022,3311,3004,-307,2,82,100,174,170,256,272,16
PI,15,2020-04-05,7,1185,1047,2394,2201,3579,3255,-324,3,88,69,180,179,268,251,-17
PI,16,2020-04-12,10,1291,1112,2570,2355,3861,3477,-384,3,106,65,176,154,282,222,-60
PI,17,2020-04-19,16,1397,1167,2744,2515,4141,3698,-443,6,106,55,174,160,280,221,-59
PI,18,2020-04-26,24,1498,1225,2925,2665,4423,3914,-509,8,101,58,181,150,282,216,-66
PI,19,2020-05-03,36,1609,1278,3108,2821,4717,4135,-582,12,111,53,183,156,294,221,-73
PI,20,2020-05-10,49,1712,1341,3267,2958,4979,4348,-631,13,103,63,159,137,262,213,-49
PI,21,2020-05-17,75,1796,1378,3433,3095,5229,4548,-681,26,84,37,166,137,250,200,-50
PI,22,2020-05-24,112,1907,1445,3587,3229,5494,4786,-708,37,111,67,154,134,265,238,-27
PI,23,2020-05-31,171,2010,1512,3739,3403,5749,5086,-663,59,103,67,152,174,255,300,45
PI,24,2020-06-07,215,2112,1565,3887,3523,5999,5303,-696,44,102,53,148,120,250,217,-33
PI,25,2020-06-14,276,2199,1622,4051,3632,6250,5530,-720,61,87,57,164,109,251,227,-24
PI,26,2020-06-21,334,2297,1659,4211,3743,6508,5736,-772,58,98,37,160,111,258,206,-52
PI,27,2020-06-28,381,2389,1690,4394,3818,6783,5889,-894,47,92,31,183,75,275,153,-122
PI,28,2020-07-05,413,2478,1705,4561,3865,7039,5983,-1056,32,89,15,167,47,256,94,-162
PI,29,2020-07-12,421,2551,1713,4730,3881,7281,6015,-1266,8,73,8,169,16,242,32,-210
PI,30,2020-07-19,422,2630,1713,4878,3881,7508,6016,-1492,1,79,0,148,0,227,1,-226
PI,31,2020-07-26,422,2709,1713,5027,3881,7736,6016,-1720,0,79,0,149,0,228,0,-228
PI,32,2020-08-02,422,2777,1713,5170,3881,7947,6016,-1931,0,68,0,143,0,211,0,-211
PI,33,2020-08-09,422,2856,1713,5336,3881,8192,6016,-2176,0,79,0,166,0,245,0,-245
PI,34,2020-08-16,422,2926,1713,5494,3881,8420,6016,-2404,0,70,0,158,0,228,0,-228
PI,35,2020-08-23,422,2993,1713,5659,3881,8652,6016,-2636,0,67,0,165,0,232,0,-232
PI,36,2020-08-30,422,3060,1713,5799,3881,8859,6016,-2843,0,67,0,140,0,207,0,-207
PI,37,2020-09-06,422,3142,1713,5968,3881,9110,6016,-3094,0,82,0,169,0,251,0,-251
PI,38,2020-09-13,422,3218,1713,6133,3881,9351,6016,-3335,0,76,0,165,0,241,0,-241
PI,39,2020-09-20,422,3312,1713,6282,3881,9594,6016,-3578,0,94,0,149,0,243,0,-243
PI,40,2020-09-27,422,3399,1713,6436,3881,9835,6016,-3819,0,87,0,154,0,241,0,-241
PI,41,2020-10-04,422,3484,1713,6583,3881,10067,6016,-4051,0,85,0,147,0,232,0,-232
PI,42,2020-10-11,422,3571,1713,6737,3881,10308,6016,-4292,0,87,0,154,0,241,0,-241
PI,43,2020-10-18,422,3657,1713,6878,3881,10535,6016,-4519,0,86,0,141,0,227,0,-227
PI,44,2020-10-25,422,3728,1713,7053,3881,10781,6016,-4765,0,71,0,175,0,246,0,-246
PI,45,2020-11-01,422,3799,1713,7200,3881,10999,6016,-4983,0,71,0,147,0,218,0,-218
PI,46,2020-11-08,422,3872,1713,7341,3881,11213,6016,-5197,0,73,0,141,0,214,0,-214
PI,47,2020-11-15,422,3949,1713,7500,3881,11449,6016,-5433,0,77,0,159,0,236,0,-236
PI,48,2020-11-22,422,4035,1713,7650,3881,11685,6016,-5669,0,86,0,150,0,236,0,-236
PI,49,2020-11-29,422,4105,1713,7800,3881,11905,6016,-5889,0,70,0,150,0,220,0,-220
PI,50,2020-12-06,422,4160,1713,7956,3881,12116,6016,-6100,0,55,0,156,0,211,0,-211
PI,51,2020-12-13,422,4232,1713,8077,3881,12309,6016,-6293,0,72,0,121,0,193,0,-193
PI,52,2020-12-20,422,4295,1713,8212,3881,12507,6016,-6491,0,63,0,135,0,198,0,-198
PI,53,2020-12-27,422,4347,1713,8305,3881,12652,6016,-6636,0,52,0,93,0,145,0,-145
PR,1,2020-01-01,0,166,177,508,466,674,643,-31,0,166,177,508,466,674,643,-31
PR,2,2020-01-05,0,446,510,1323,1370,1769,1880,111,0,280,333,815,904,1095,1237,142
PR,3,2020-01-12,0,719,832,2201,2174,2920,3006,86,0,273,322,878,804,1151,1126,-25
PR,4,2020-01-19,0,1016,1119,3079,2966,4095,4085,-10,0,297,287,878,792,1175,1079,-96
PR,5,2020-01-26,0,1317,1456,3915,3840,5232,5296,64,0,301,337,836,874,1137,1211,74
PR,6,2020-02-02,0,1636,1748,4752,4708,6388,6456,68,0,319,292,837,868,1156,1160,4
PR,7,2020-02-09,0,1940,2024,5576,5597,7516,7621,105,0,304,276,824,889,1128,1165,37
PR,8,2020-02-16,0,2206,2336,6345,6490,8551,8826,275,0,266,312,769,893,1035,1205,170
PR,9,2020-02-23,0,2447,2646,7020,7337,9467,9983,516,0,241,310,675,847,916,1157,241
PR,10,2020-03-01,0,2723,2947,7912,8273,10635,11220,585,0,276,301,892,936,1168,1237,69
PR,11,2020-03-08,0,3037,3273,8750,9174,11787,12447,660,0,314,326,838,901,1152,1227,75
PR,12,2020-03-15,1,3338,3648,9566,10096,12904,13745,841,1,301,375,816,922,1117,1298,181
PR,13,2020-03-22,2,3619,4007,10383,10949,14002,14958,956,1,281,359,817,853,1098,1213,115
PR,14,2020-03-29,15,3933,4317,11245,11821,15178,16153,975,13,314,310,862,872,1176,1195,19
PR,15,2020-04-05,43,4261,4645,12116,12697,16377,17385,1008,28,328,328,871,876,1199,1232,33
PR,16,2020-04-12,82,4591,4921,12960,13606,17551,18609,1058,39,330,276,844,909,1174,1224,50
PR,17,2020-04-19,142,4867,5203,13805,14418,18672,19763,1091,60,276,282,845,812,1121,1154,33
PR,18,2020-04-26,217,5211,5485,14678,15215,19889,20917,1028,75,344,282,873,797,1217,1154,-63
PR,19,2020-05-03,283,5558,5741,15523,16076,21081,22100,1019,66,347,256,845,861,1192,1183,-9
PR,20,2020-05-10,370,5903,5999,16469,16934,22372,23303,931,87,345,258,946,858,1291,1203,-88
PR,21,2020-05-17,473,6261,6245,17448,17791,23709,24509,800,103,358,246,979,857,1337,1206,-131
PR,22,2020-05-24,578,6630,6507,18454,18660,25084,25745,661,105,369,262,1006,869,1375,1236,-139
PR,23,2020-05-31,720,6983,6749,19385,19613,26368,27082,714,142,353,242,931,953,1284,1337,53
PR,24,2020-06-07,877,7391,7036,20396,20576,27787,28489,702,157,408,287,1011,963,1419,1407,-12
PR,25,2020-06-14,1048,7797,7303,21328,21431,29125,29782,657,171,406,267,932,855,1338,1293,-45
PR,26,2020-06-21,1246,8200,7523,22331,22289,30531,31058,527,198,403,220,1003,858,1406,1276,-130
PR,27,2020-06-28,1491,8625,7754,23294,23122,31919,32367,448,245,425,231,963,833,1388,1309,-79
PR,28,2020-07-05,1744,9038,7971,24328,24018,33366,33733,367,253,413,217,1034,896,1447,1366,-81
PR,29,2020-07-12,1964,9465,8170,25331,24669,34796,34803,7,220,427,199,1003,651,1430,1070,-360
PR,30,2020-07-19,2010,9923,8214,26323,24809,36246,35033,-1213,46,458,44,992,140,1450,230,-1220
PR,31,2020-07-26,2010,10319,8214,27275,24809,37594,35033,-2561,0,396,0,952,0,1348,0,-1348
PR,32,2020-08-02,2010,10748,8214,28133,24809,38881,35033,-3848,0,429,0,858,0,1287,0,-1287
PR,33,2020-08-09,2010,11120,8214,29074,24809,40194,35033,-5161,0,372,0,941,0,1313,0,-1313
PR,34,2020-08-16,2010,11493,8214,30018,24809,41511,35033,-6478,0,373,0,944,0,1317,0,-1317
PR,35,2020-08-23,2010,11873,8214,30896,24809,42769,35033,-7736,0,380,0,878,0,1258,0,-1258
PR,36,2020-08-30,2010,12277,8214,31849,24809,44126,35033,-9093,0,404,0,953,0,1357,0,-1357
PR,37,2020-09-06,2010,12685,8214,32861,24809,45546,35033,-10513,0,408,0,1012,0,1420,0,-1420
PR,38,2020-09-13,2010,13098,8214,33728,24809,46826,35033,-11793,0,413,0,867,0,1280,0,-1280
PR,39,2020-09-20,2010,13436,8214,34546,24809,47982,35033,-12949,0,338,0,818,0,1156,0,-1156
PR,40,2020-09-27,2010,13756,8214,35454,24809,49210,35033,-14177,0,320,0,908,0,1228,0,-1228
PR,41,2020-10-04,2010,14080,8214,36273,24809,50353,35033,-15320,0,324,0,819,0,1143,0,-1143
PR,42,2020-10-11,2010,14446,8214,37191,24809,51637,35033,-16604,0,366,0,918,0,1284,0,-1284
PR,43,2020-10-18,2010,14783,8214,37972,24809,52755,35033,-17722,0,337,0,781,0,1118,0,-1118
PR,44,2020-10-25,2010,15140,8214,38852,24809,53992,35033,-18959,0,357,0,880,0,1237,0,-1237
PR,45,2020-11-01,2010,15499,8214,39779,24809,55278,35033,-20245,0,359,0,927,0,1286,0,-1286
PR,46,2020-11-08,2010,15794,8214,40635,24809,56429,35033,-21396,0,295,0,856,0,1151,0,-1151
PR,47,2020-11-15,2010,16069,8214,41507,24809,57576,35033,-22543,0,275,0,872,0,1147,0,-1147
PR,48,2020-11-22,2010,16377,8214,42356,24809,58733,35033,-23700,0,308,0,849,0,1157,0,-1157
PR,49,2020-11-29,2010,16674,8214,43233,24809,59907,35033,-24874,0,297,0,877,0,1174,0,-1174
PR,50,2020-12-06,2010,16959,8214,44098,24809,61057,35033,-26024,0,285,0,865,0,1150,0,-1150
PR,51,2020-12-13,2010,17269,8214,44922,24809,62191,35033,-27158,0,310,0,824,0,1134,0,-1134
PR,52,2020-12-20,2010,17578,8214,45837,24809,63415,35033,-28382,0,309,0,915,0,1224,0,-1224
PR,53,2020-12-27,2010,17813,8214,46458,24809,64271,35033,-29238,0,235,0,621,0,856,0,-856
RJ,1,2020-01-01,0,351,429,1184,1100,1535,1529,-6,0,351,429,1184,1100,1535,1529,-6
RJ,2,2020-01-05,0,1002,1110,3090,2984,4092,4094,2,0,651,681,1906,1884,2557,2565,8
RJ,3,2020-01-12,0,1666,1794,5065,4946,6731,6740,9,0,664,684,1975,1962,2639,2646,7
RJ,4,2020-01-19,0,2299,2458,7116,6715,9415,9173,-242,0,633,664,2051,1769,2684,2433,-251
RJ,5,2020-01-26,0,2930,3165,9159,8566,12089,11731,-358,0,631,707,2043,1851,2674,2558,-116
RJ,6,2020-02-02,0,3547,3860,11162,10414,14709,14274,-435,0,617,695,2003,1848,2620,2543,-77
RJ,7,2020-02-09,0,4179,4490,13019,12295,17198,16785,-413,0,632,630,1857,1881,2489,2511,22
RJ,8,2020-02-16,0,4766,5140,14839,14254,19605,19394,-211,0,587,650,1820,1959,2407,2609,202
RJ,9,2020-02-23,0,5246,5794,16535,16073,21781,21867,86,0,480,654,1696,1819,2176,2473,297
RJ,10,2020-03-01,0,5859,6472,18512,18062,24371,24534,163,0,613,678,1977,1989,2590,2667,77
RJ,11,2020-03-08,0,6459,7168,20321,20006,26780,27174,394,0,600,696,1809,1944,2409,2640,231
RJ,12,2020-03-15,3,7076,7981,22170,22001,29246,29985,739,3,617,813,1849,1995,2466,2811,345
RJ,13,2020-03-22,32,7692,8694,23876,23840,31568,32566,998,29,616,713,1706,1839,2322,2581,259
RJ,14,2020-03-29,189,8354,9418,25602,25747,33956,35354,1398,157,662,724,1726,1907,2388,2788,400
RJ,15,2020-04-05,479,9016,10188,27546,27617,36562,38284,1722,290,662,770,1944,1870,2606,2930,324
RJ,16,2020-04-12,1003,9729,11150,29616,29566,39345,41719,2374,524,713,962,2070,1949,2783,3435,652
RJ,17,2020-04-19,1979,10456,12334,31649,31715,42105,46028,3923,976,727,1184,2033,2149,2760,4309,1549
RJ,18,2020-04-26,3452,11174,13549,33597,34005,44771,51006,6235,1473,718,1215,1948,2290,2666,4978,2312
RJ,19,2020-05-03,5260,11908,14665,35719,36286,47627,56211,8584,1808,734,1116,2122,2281,2856,5205,2349
RJ,20,2020-05-10,6933,12683,15661,37770,38456,50453,61050,10597,1673,775,996,2051,2170,2826,4839,2013
RJ,21,2020-05-17,8346,13500,16443,39890,40420,53390,65209,11819,1413,817,782,2120,1964,2937,4159,1222
RJ,22,2020-05-24,9616,14300,17183,41995,42307,56295,69106,12811,1270,800,740,2105,1887,2905,3897,992
RJ,23,2020-05-31,10653,15102,17899,44083,44124,59185,72676,13491,1037,802,716,2088,1817,2890,3570,680
RJ,24,2020-06-07,11479,15895,18555,46252,45781,62147,75815,13668,826,793,656,2169,1657,2962,3139,177
RJ,25,2020-06-14,12152,16721,19187,48356,47506,65077,78845,13768,673,826,632,2104,1725,2930,3030,100
RJ,26,2020-06-21,12702,17490,19714,50323,49207,67813,81623,13810,550,769,527,1967,1701,2736,2778,42
RJ,27,2020-06-28,13206,18212,20263,52302,50845,70514,84314,13800,504,722,549,1979,1638,2701,2691,-10
RJ,28,2020-07-05,13645,18912,20775,54267,52433,73179,86853,13674,439,700,512,1965,1588,2665,2539,-126
RJ,29,2020-07-12,14024,19633,21227,56370,53877,76003,89128,13125,379,721,452,2103,1444,2824,2275,-549
RJ,30,2020-07-19,14100,20368,21340,58562,54208,78930,89648,10718,76,735,113,2192,331,2927,520,-2407
RJ,31,2020-07-26,14100,21126,21340,60535,54208,81661,89648,7987,0,758,0,1973,0,2731,0,-2731
RJ,32,2020-08-02,14100,21818,21340,62573,54208,84391,89648,5257,0,692,0,2038,0,2730,0,-2730
RJ,33,2020-08-09,14100,22533,21340,64529,54208,87062,89648,2586,0,715,0,1956,0,2671,0,-2671
RJ,34,2020-08-16,14100,23232,21340,66493,54208,89725,89648,-77,0,699,0,1964,0,2663,0,-2663
RJ,35,2020-08-23,14100,23951,21340,68476,54208,92427,89648,-2779,0,719,0,1983,0,2702,0,-2702
RJ,36,2020-08-30,14100,24627,21340,70505,54208,95132,89648,-5484,0,676,0,2029,0,2705,0,-2705
RJ,37,2020-09-06,14100,25345,21340,72526,54208,97871,89648,-8223,0,718,0,2021,0,2739,0,-2739
RJ,38,2020-09-13,14100,26069,21340,74517,54208,100586,89648,-10938,0,724,0,1991,0,2715,0,-2715
RJ,39,2020-09-20,14100,26713,21340,76325,54208,103038,89648,-13390,0,644,0,1808,0,2452,0,-2452
RJ,40,2020-09-27,14100,27353,21340,78208,54208,105561,89648,-15913,0,640,0,1883,0,2523,0,-2523
RJ,41,2020-10-04,14100,28037,21340,80021,54208,108058,89648,-18410,0,684,0,1813,0,2497,0,-2497
RJ,42,2020-10-11,14100,28727,21340,81930,54208,110657,89648,-21009,0,690,0,1909,0,2599,0,-2599
RJ,43,2020-10-18,14100,29379,21340,83756,54208,113135,89648,-23487,0,652,0,1826,0,2478,0,-2478
RJ,44,2020-10-25,14100,30057,21340,85672,54208,115729,89648,-26081,0,678,0,1916,0,2594,0,-2594
RJ,45,2020-11-01,14100,30702,21340,87434,54208,118136,89648,-28488,0,645,0,1762,0,2407,0,-2407
RJ,46,2020-11-08,14100,31387,21340,89198,54208,120585,89648,-30937,0,685,0,1764,0,2449,0,-2449
RJ,47,2020-11-15,14100,32023,21340,90989,54208,123012,89648,-33364,0,636,0,1791,0,2427,0,-2427
RJ,48,2020-11-22,14100,32732,21340,92952,54208,125684,89648,-36036,0,709,0,1963,0,2672,0,-2672
RJ,49,2020-11-29,14100,33366,21340,94815,54208,128181,89648,-38533,0,634,0,1863,0,2497,0,-2497
RJ,50,2020-12-06,14100,34039,21340,96749,54208,130788,89648,-41140,0,673,0,1934,0,2607,0,-2607
RJ,51,2020-12-13,14100,34738,21340,98706,54208,133444,89648,-43796,0,699,0,1957,0,2656,0,-2656
RJ,52,2020-12-20,14100,35414,21340,100684,54208,136098,89648,-46450,0,676,0,1978,0,2654,0,-2654
RJ,53,2020-12-27,14100,35900,21340,102023,54208,137923,89648,-48275,0,486,0,1339,0,1825,0,-1825
RN,1,2020-01-01,0,54,36,114,113,168,149,-19,0,54,36,114,113,168,149,-19
RN,2,2020-01-05,0,125,108,285,312,410,420,10,0,71,72,171,199,242,271,29
RN,3,2020-01-12,0,232,170,491,529,723,699,-24,0,107,62,206,217,313,279,-34
RN,4,2020-01-19,0,322,265,707,761,1029,1026,-3,0,90,95,216,232,306,327,21
RN,5,2020-01-26,0,401,331,889,989,1290,1320,30,0,79,66,182,228,261,294,33
RN,6,2020-02-02,0,476,412,1064,1229,1540,1641,101,0,75,81,175,240,250,321,71
RN,7,2020-02-09,0,546,497,1235,1424,1781,1921,140,0,70,85,171,195,241,280,39
RN,8,2020-02-16,0,618,575,1418,1628,2036,2203,167,0,72,78,183,204,255,282,27
RN,9,2020-02-23,0,700,670,1564,1827,2264,2497,233,0,82,95,146,199,228,294,66
RN,10,2020-03-01,0,788,767,1769,2029,2557,2796,239,0,88,97,205,202,293,299,6
RN,11,2020-03-08,0,867,871,1980,2232,2847,3103,256,0,79,104,211,203,290,307,17
RN,12,2020-03-15,0,951,962,2193,2408,3144,3370,226,0,84,91,213,176,297,267,-30
RN,13,2020-03-22,6,1046,1059,2391,2623,3437,3688,251,6,95,97,198,215,293,318,25
RN,14,2020-03-29,8,1145,1155,2587,2824,3732,3987,255,2,99,96,196,201,295,299,4
RN,15,2020-04-05,18,1243,1232,2799,3011,4042,4261,219,10,98,77,212,187,310,274,-36
RN,16,2020-04-12,21,1353,1316,3038,3220,4391,4557,166,3,110,84,239,209,349,296,-53
RN,17,2020-04-19,29,1459,1401,3270,3416,4729,4846,117,8,106,85,232,196,338,289,-49
RN,18,2020-04-26,47,1578,1471,3476,3614,5054,5132,78,18,119,70,206,198,325,286,-39
RN,19,2020-05-03,64,1679,1540,3706,3815,5385,5419,34,17,101,69,230,201,331,287,-44
RN,20,2020-05-10,106,1784,1628,3920,4019,5704,5753,49,42,105,88,214,204,319,334,15
RN,21,2020-05-17,162,1884,1717,4145,4227,6029,6106,77,56,100,89,225,208,325,353,28
RN,22,2020-05-24,253,1986,1798,4329,4474,6315,6525,210,91,102,81,184,247,286,419,133
RN,23,2020-05-31,378,2082,1851,4501,4691,6583,6920,337,125,96,53,172,217,268,395,127
RN,24,2020-06-07,523,2191,1948,4694,4924,6885,7395,510,145,109,97,193,233,302,475,173
RN,25,2020-06-14,689,2286,2032,4921,5138,7207,7859,652,166,95,84,227,214,322,464,142
RN,26,2020-06-21,857,2371,2101,5143,5345,7514,8303,789,168,85,69,222,207,307,444,137
RN,27,2020-06-28,989,2474,2166,5361,5515,7835,8670,835,132,103,65,218,170,321,367,46
RN,28,2020-07-05,1105,2575,2214,5617,5669,8192,8988,796,116,101,48,256,154,357,318,-39
RN,29,2020-07-12,1144,2665,2235,5827,5730,8492,9109,617,39,90,21,210,61,300,121,-179
RN,30,2020-07-19,1148,2750,2235,6035,5730,8785,9113,328,4,85,0,208,0,293,4,-289
RN,31,2020-07-26,1148,2831,2235,6243,5730,9074,9113,39,0,81,0,208,0,289,0,-289
RN,32,2020-08-02,1148,2912,2235,6462,5730,9374,9113,-261,0,81,0,219,0,300,0,-300
RN,33,2020-08-09,1148,2997,2235,6651,5730,9648,9113,-535,0,85,0,189,0,274,0,-274
RN,34,2020-08-16,1148,3081,2235,6852,5730,9933,9113,-820,0,84,0,201,0,285,0,-285
RN,35,2020-08-23,1148,3151,2235,7066,5730,10217,9113,-1104,0,70,0,214,0,284,0,-284
RN,36,2020-08-30,1148,3221,2235,7280,5730,10501,9113,-1388,0,70,0,214,0,284,0,-284
RN,37,2020-09-06,1148,3315,2235,7486,5730,10801,9113,-1688,0,94,0,206,0,300,0,-300
RN,38,2020-09-13,1148,3387,2235,7671,5730,11058,9113,-1945,0,72,0,185,0,257,0,-257
RN,39,2020-09-20,1148,3465,2235,7880,5730,11345,9113,-2232,0,78,0,209,0,287,0,-287
RN,40,2020-09-27,1148,3550,2235,8091,5730,11641,9113,-2528,0,85,0,211,0,296,0,-296
RN,41,2020-10-04,1148,3622,2235,8278,5730,11900,9113,-2787,0,72,0,187,0,259,0,-259
RN,42,2020-10-11,1148,3684,2235,8494,5730,12178,9113,-3065,0,62,0,216,0,278,0,-278
RN,43,2020-10-18,1148,3761,2235,8694,5730,12455,9113,-3342,0,77,0,200,0,277,0,-277
RN,44,2020-10-25,1148,3851,2235,8886,5730,12737,9113,-3624,0,90,0,192,0,282,0,-282
RN,45,2020-11-01,1148,3915,2235,9089,5730,13004,9113,-3891,0,64,0,203,0,267,0,-267
RN,46,2020-11-08,1148,3987,2235,9286,5730,13273,9113,-4160,0,72,0,197,0,269,0,-269
RN,47,2020-11-15,1148,4056,2235,9456,5730,13512,9113,-4399,0,69,0,170,0,239,0,-239
RN,48,2020-11-22,1148,4127,2235,9667,5730,13794,9113,-4681,0,71,0,211,0,282,0,-282
RN,49,2020-11-29,1148,4199,2235,9852,5730,14051,9113,-4938,0,72,0,185,0,257,0,-257
RN,50,2020-12-06,1148,4284,2235,10033,5730,14317,9113,-5204,0,85,0,181,0,266,0,-266
RN,51,2020-12-13,1148,4359,2235,10213,5730,14572,9113,-5459,0,75,0,180,0,255,0,-255
RN,52,2020-12-20,1148,4434,2235,10411,5730,14845,9113,-5732,0,75,0,198,0,273,0,-273
RN,53,2020-12-27,1148,4480,2235,10568,5730,15048,9113,-5935,0,46,0,157,0,203,0,-203
RO,1,2020-01-01,0,25,12,58,27,83,39,-44,0,25,12,58,27,83,39,-44
RO,2,2020-01-05,0,67,37,161,92,228,129,-99,0,42,25,103,65,145,90,-55
RO,3,2020-01-12,0,92,56,285,164,377,220,-157,0,25,19,124,72,149,91,-58
RO,4,2020-01-19,0,123,87,403,244,526,331,-195,0,31,31,118,80,149,111,-38
RO,5,2020-01-26,0,146,117,520,319,666,436,-230,0,23,30,117,75,140,105,-35
RO,6,2020-02-02,0,176,163,606,406,782,569,-213,0,30,46,86,87,116,133,17
RO,7,2020-02-09,0,210,188,718,507,928,695,-233,0,34,25,112,101,146,126,-20
RO,8,2020-02-16,0,241,222,823,601,1064,823,-241,0,31,34,105,94,136,128,-8
RO,9,2020-02-23,0,286,259,894,706,1180,965,-215,0,45,37,71,105,116,142,26
RO,10,2020-03-01,0,310,297,956,802,1266,1099,-167,0,24,38,62,96,86,134,48
RO,11,2020-03-08,0,337,333,1029,916,1366,1249,-117,0,27,36,73,114,100,150,50
RO,12,2020-03-15,0,363,386,1091,1028,1454,1414,-40,0,26,53,62,112,88,165,77
RO,13,2020-03-22,1,391,429,1163,1129,1554,1559,5,1,28,43,72,101,100,145,45
RO,14,2020-03-29,2,422,467,1244,1217,1666,1686,20,1,31,38,81,88,112,127,15
RO,15,2020-04-05,4,487,502,1357,1311,1844,1817,-27,2,65,35,113,94,178,131,-47
RO,16,2020-04-12,8,536,531,1470,1404,2006,1943,-63,4,49,29,113,93,162,126,-36
RO,17,2020-04-19,14,582,558,1603,1499,2185,2071,-114,6,46,27,133,95,179,128,-51
RO,18,2020-04-26,30,623,608,1720,1620,2343,2258,-85,16,41,50,117,121,158,187,29
RO,19,2020-05-03,53,667,639,1840,1732,2507,2424,-83,23,44,31,120,112,164,166,2
RO,20,2020-05-10,104,712,670,1942,1827,2654,2601,-53,51,45,31,102,95,147,177,30
RO,21,2020-05-17,174,759,709,2042,1944,2801,2827,26,70,47,39,100,117,147,226,79
RO,22,2020-05-24,255,795,743,2147,2073,2942,3071,129,81,36,34,105,129,141,244,103
RO,23,2020-05-31,262,846,764,2236,2171,3082,3197,115,7,51,21,89,98,140,126,-14
RO,24,2020-06-07,284,878,789,2347,2236,3225,3309,84,22,32,25,111,65,143,112,-31
RO,25,2020-06-14,307,900,807,2475,2296,3375,3410,35,23,22,18,128,60,150,101,-49
RO,26,2020-06-21,327,926,828,2569,2377,3495,3532,37,20,26,21,94,81,120,122,2
RO,27,2020-06-28,381,958,848,2668,2457,3626,3686,60,54,32,20,99,80,131,154,23
RO,28,2020-07-05,486,1002,868,2776,2564,3778,3918,140,105,44,20,108,107,152,232,80
RO,29,2020-07-12,556,1042,896,2872,2644,3914,4096,182,70,40,28,96,80,136,178,42
RO,30,2020-07-19,571,1084,899,2963,2659,4047,4129,82,15,42,3,91,15,133,33,-100
RO,31,2020-07-26,571,1119,899,3056,2659,4175,4129,-46,0,35,0,93,0,128,0,-128
RO,32,2020-08-02,571,1144,899,3110,2659,4254,4129,-125,0,25,0,54,0,79,0,-79
RO,33,2020-08-09,571,1178,899,3186,2659,4364,4129,-235,0,34,0,76,0,110,0,-110
RO,34,2020-08-16,571,1203,899,3248,2659,4451,4129,-322,0,25,0,62,0,87,0,-87
RO,35,2020-08-23,571,1224,899,3314,2659,4538,4129,-409,0,21,0,66,0,87,0,-87
RO,36,2020-08-30,571,1268,899,3409,2659,4677,4129,-548,0,44,0,95,0,139,0,-139
RO,37,2020-09-06,571,1311,899,3518,2659,4829,4129,-700,0,43,0,109,0,152,0,-152
RO,38,2020-09-13,571,1347,899,3647,2659,4994,4129,-865,0,36,0,129,0,165,0,-165
RO,39,2020-09-20,571,1386,899,3762,2659,5148,4129,-1019,0,39,0,115,0,154,0,-154
RO,40,2020-09-27,571,1417,899,3871,2659,5288,4129,-1159,0,31,0,109,0,140,0,-140
RO,41,2020-10-04,571,1444,899,3956,2659,5400,4129,-1271,0,27,0,85,0,112,0,-112
RO,42,2020-10-11,571,1489,899,4060,2659,5549,4129,-1420,0,45,0,104,0,149,0,-149
RO,43,2020-10-18,571,1507,899,4153,2659,5660,4129,-1531,0,18,0,93,0,111,0,-111
RO,44,2020-10-25,571,1531,899,4241,2659,5772,4129,-1643,0,24,0,88,0,112,0,-112
RO,45,2020-11-01,571,1563,899,4344,2659,5907,4129,-1778,0,32,0,103,0,135,0,-135
RO,46,2020-11-08,571,1596,899,4433,2659,6029,4129,-1900,0,33,0,89,0,122,0,-122
RO,47,2020-11-15,571,1622,899,4546,2659,6168,4129,-2039,0,26,0,113,0,139,0,-139
RO,48,2020-11-22,571,1658,899,4659,2659,6317,4129,-2188,0,36,0,113,0,149,0,-149
RO,49,2020-11-29,571,1702,899,4765,2659,6467,4129,-2338,0,44,0,106,0,150,0,-150
RO,50,2020-12-06,571,1739,899,4861,2659,6600,4129,-2471,0,37,0,96,0,133,0,-133
RO,51,2020-12-13,571,1781,899,4963,2659,6744,4129,-2615,0,42,0,102,0,144,0,-144
RO,52,2020-12-20,571,1807,899,5057,2659,6864,4129,-2735,0,26,0,94,0,120,0,-120
RO,53,2020-12-27,571,1835,899,5127,2659,6962,4129,-2833,0,28,0,70,0,98,0,-98
RR,1,2020-01-01,0,3,7,9,22,12,29,17,0,3,7,9,22,12,29,17
RR,2,2020-01-05,0,12,18,46,57,58,75,17,0,9,11,37,35,46,46,0
RR,3,2020-01-12,0,23,34,72,93,95,127,32,0,11,16,26,36,37,52,15
RR,4,2020-01-19,0,31,47,108,120,139,167,28,0,8,13,36,27,44,40,-4
RR,5,2020-01-26,0,35,56,136,152,171,208,37,0,4,9,28,32,32,41,9
RR,6,2020-02-02,0,42,64,161,176,203,240,37,0,7,8,25,24,32,32,0
RR,7,2020-02-09,0,50,74,182,210,232,284,52,0,8,10,21,34,29,44,15
RR,8,2020-02-16,0,64,82,196,243,260,325,65,0,14,8,14,33,28,41,13
RR,9,2020-02-23,0,68,89,213,273,281,362,81,0,4,7,17,30,21,37,16
RR,10,2020-03-01,0,78,101,235,306,313,407,94,0,10,12,22,33,32,45,13
RR,11,2020-03-08,0,85,107,257,336,342,443,101,0,7,6,22,30,29,36,7
RR,12,2020-03-15,1,93,124,287,373,380,498,118,1,8,17,30,37,38,55,17
RR,13,2020-03-22,1,100,133,321,401,421,535,114,0,7,9,34,28,41,37,-4
RR,14,2020-03-29,2,109,141,356,433,465,576,111,1,9,8,35,32,44,41,-3
RR,15,2020-04-05,3,117,152,384,472,501,627,126,1,8,11,28,39,36,51,15
RR,16,2020-04-12,3,129,160,410,503,539,666,127,0,12,8,26,31,38,39,1
RR,17,2020-04-19,3,142,172,438,530,580,705,125,0,13,12,28,27,41,39,-2
RR,18,2020-04-26,7,154,183,473,545,627,735,108,4,12,11,35,15,47,30,-17
RR,19,2020-05-03,14,164,196,506,563,670,773,103,7,10,13,33,18,43,38,-5
RR,20,2020-05-10,32,180,210,535,599,715,841,126,18,16,14,29,36,45,68,23
RR,21,2020-05-17,59,196,229,562,646,758,934,176,27,16,19,27,47,43,93,50
RR,22,2020-05-24,108,208,242,596,693,804,1043,239,49,12,13,34,47,46,109,63
RR,23,2020-05-31,161,215,259,629,720,844,1140,296,53,7,17,33,27,40,97,57
RR,24,2020-06-07,235,228,273,666,758,894,1266,372,74,13,14,37,38,50,126,76
RR,25,2020-06-14,292,251,281,693,801,944,1374,430,57,23,8,27,43,50,108,58
RR,26,2020-06-21,339,267,289,711,830,978,1458,480,47,16,8,18,29,34,84,50
RR,27,2020-06-28,386,279,292,737,855,1016,1533,517,47,12,3,26,25,38,75,37
RR,28,2020-07-05,411,301,297,780,875,1081,1583,502,25,22,5,43,20,65,50,-15
RR,29,2020-07-12,418,318,305,814,888,1132,1611,479,7,17,8,34,13,51,28,-23
RR,30,2020-07-19,419,340,305,850,891,1190,1615,425,1,22,0,36,3,58,4,-54
RR,31,2020-07-26,419,361,305,882,891,1243,1615,372,0,21,0,32,0,53,0,-53
RR,32,2020-08-02,419,373,305,912,891,1285,1615,330,0,12,0,30,0,42,0,-42
RR,33,2020-08-09,419,385,305,940,891,1325,1615,290,0,12,0,28,0,40,0,-40
RR,34,2020-08-16,419,403,305,972,891,1375,1615,240,0,18,0,32,0,50,0,-50
RR,35,2020-08-23,419,414,305,1002,891,1416,1615,199,0,11,0,30,0,41,0,-41
RR,36,2020-08-30,419,426,305,1041,891,1467,1615,148,0,12,0,39,0,51,0,-51
RR,37,2020-09-06,419,442,305,1078,891,1520,1615,95,0,16,0,37,0,53,0,-53
RR,38,2020-09-13,419,459,305,1119,891,1578,1615,37,0,17,0,41,0,58,0,-58
RR,39,2020-09-20,419,470,305,1150,891,1620,1615,-5,0,11,0,31,0,42,0,-42
RR,40,2020-09-27,419,484,305,1185,891,1669,1615,-54,0,14,0,35,0,49,0,-49
RR,41,2020-10-04,419,496,305,1213,891,1709,1615,-94,0,12,0,28,0,40,0,-40
RR,42,2020-10-11,419,504,305,1241,891,1745,1615,-130,0,8,0,28,0,36,0,-36
RR,43,2020-10-18,419,517,305,1265,891,1782,1615,-167,0,13,0,24,0,37,0,-37
RR,44,2020-10-25,419,528,305,1296,891,1824,1615,-209,0,11,0,31,0,42,0,-42
RR,45,2020-11-01,419,540,305,1326,891,1866,1615,-251,0,12,0,30,0,42,0,-42
RR,46,2020-11-08,419,550,305,1347,891,1897,1615,-282,0,10,0,21,0,31,0,-31
RR,47,2020-11-15,419,564,305,1383,891,1947,1615,-332,0,14,0,36,0,50,0,-50
RR,48,2020-11-22,419,581,305,1415,891,1996,1615,-381,0,17,0,32,0,49,0,-49
RR,49,2020-11-29,419,592,305,1450,891,2042,1615,-427,0,11,0,35,0,46,0,-46
RR,50,2020-12-06,419,598,305,1476,891,2074,1615,-459,0,6,0,26,0,32,0,-32
RR,51,2020-12-13,419,611,305,1505,891,2116,1615,-501,0,13,0,29,0,42,0,-42
RR,52,2020-12-20,419,615,305,1523,891,2138,1615,-523,0,4,0,18,0,22,0,-22
RR,53,2020-12-27,419,626,305,1546,891,2172,1615,-557,0,11,0,23,0,34,0,-34
RS,1,2020-01-01,0,243,202,641,663,884,865,-19,0,243,202,641,663,884,865,-19
RS,2,2020-01-05,0,620,623,1604,1739,2224,2362,138,0,377,421,963,1076,1340,1497,157
RS,3,2020-01-12,0,944,992,2577,2818,3521,3810,289,0,324,369,973,1079,1297,1448,151
RS,4,2020-01-19,0,1255,1364,3516,3875,4771,5239,468,0,311,372,939,1057,1250,1429,179
RS,5,2020-01-26,0,1703,1728,4676,4923,6379,6651,272,0,448,364,1160,1048,1608,1412,-196
RS,6,2020-02-02,0,2088,2095,5649,6017,7737,8112,375,0,385,367,973,1094,1358,1461,103
RS,7,2020-02-09,0,2441,2429,6636,7072,9077,9501,424,0,353,334,987,1055,1340,1389,49
RS,8,2020-02-16,0,2792,2771,7662,8153,10454,10924,470,0,351,342,1026,1081,1377,1423,46
RS,9,2020-02-23,0,3092,3143,8542,9184,11634,12327,693,0,300,372,880,1031,1180,1403,223
RS,10,2020-03-01,0,3439,3500,9557,10241,12996,13741,745,0,347,357,1015,1057,1362,1414,52
RS,11,2020-03-08,0,3819,3901,10573,11322,14392,15223,831,0,380,401,1016,1081,1396,1482,86
RS,12,2020-03-15,0,4179,4312,11644,12401,15823,16713,890,0,360,411,1071,1079,1431,1490,59
RS,13,2020-03-22,3,4525,4702,12691,13374,17216,18079,863,3,346,390,1047,973,1393,1366,-27
RS,14,2020-03-29,21,4942,5041,13780,14398,18722,19460,738,18,417,339,1089,1024,1506,1381,-125
RS,15,2020-04-05,41,5338,5401,14797,15427,20135,20869,734,20,396,360,1017,1029,1413,1409,-4
RS,16,2020-04-12,59,5720,5746,15906,16452,21626,22257,631,18,382,345,1109,1025,1491,1388,-103
RS,17,2020-04-19,80,6122,6114,16943,17490,23065,23684,619,21,402,368,1037,1038,1439,1427,-12
RS,18,2020-04-26,123,6491,6440,17975,18511,24466,25074,608,43,369,326,1032,1021,1401,1390,-11
RS,19,2020-05-03,179,6890,6719,19065,19644,25955,26542,587,56,399,279,1090,1133,1489,1468,-21
RS,20,2020-05-10,247,7282,7063,20171,20804,27453,28114,661,68,392,344,1106,1160,1498,1572,74
RS,21,2020-05-17,294,7672,7389,21320,21827,28992,29510,518,47,390,326,1149,1023,1539,1396,-143
RS,22,2020-05-24,356,8111,7727,22504,22960,30615,31043,428,62,439,338,1184,1133,1623,1533,-90
RS,23,2020-05-31,434,8600,8091,23732,24140,32332,32665,333,78,489,364,1228,1180,1717,1622,-95
RS,24,2020-06-07,531,9078,8490,24941,25337,34019,34358,339,97,478,399,1209,1197,1687,1693,6
RS,25,2020-06-14,637,9564,8847,26105,26474,35669,35958,289,106,486,357,1164,1137,1650,1600,-50
RS,26,2020-06-21,774,10105,9201,27267,27535,37372,37510,138,137,541,354,1162,1061,1703,1552,-151
RS,27,2020-06-28,958,10632,9582,28568,28731,39200,39271,71,184,527,381,1301,1196,1828,1761,-67
RS,28,2020-07-05,1204,11238,9961,30084,29886,41322,41051,-271,246,606,379,1516,1155,2122,1780,-342
RS,29,2020-07-12,1491,11855,10314,31473,30978,43328,42783,-545,287,617,353,1389,1092,2006,1732,-274
RS,30,2020-07-19,1563,12500,10410,32822,31212,45322,43185,-2137,72,645,96,1349,234,1994,402,-1592
RS,31,2020-07-26,1563,13098,10410,34163,31212,47261,43185,-4076,0,598,0,1341,0,1939,0,-1939
RS,32,2020-08-02,1563,13742,10410,35563,31212,49305,43185,-6120,0,644,0,1400,0,2044,0,-2044
RS,33,2020-08-09,1563,14259,10410,36853,31212,51112,43185,-7927,0,517,0,1290,0,1807,0,-1807
RS,34,2020-08-16,1563,14847,10410,38166,31212,53013,43185,-9828,0,588,0,1313,0,1901,0,-1901
RS,35,2020-08-23,1563,15442,10410,39519,31212,54961,43185,-11776,0,595,0,1353,0,1948,0,-1948
RS,36,2020-08-30,1563,15995,10410,40753,31212,56748,43185,-13563,0,553,0,1234,0,1787,0,-1787
RS,37,2020-09-06,1563,16556,10410,42026,31212,58582,43185,-15397,0,561,0,1273,0,1834,0,-1834
RS,38,2020-09-13,1563,17108,10410,43201,31212,60309,43185,-17124,0,552,0,1175,0,1727,0,-1727
RS,39,2020-09-20,1563,17598,10410,44399,31212,61997,43185,-18812,0,490,0,1198,0,1688,0,-1688
RS,40,2020-09-27,1563,18153,10410,45643,31212,63796,43185,-20611,0,555,0,1244,0,1799,0,-1799
RS,41,2020-10-04,1563,18646,10410,46769,31212,65415,43185,-22230,0,493,0,1126,0,1619,0,-1619
RS,42,2020-10-11,1563,19121,10410,47931,31212,67052,43185,-23867,0,475,0,1162,0,1637,0,-1637
RS,43,2020-10-18,1563,19542,10410,49066,31212,68608,43185,-25423,0,421,0,1135,0,1556,0,-1556
RS,44,2020-10-25,1563,20011,10410,50194,31212,70205,43185,-27020,0,469,0,1128,0,1597,0,-1597
RS,45,2020-11-01,1563,20452,10410,51309,31212,71761,43185,-28576,0,441,0,1115,0,1556,0,-1556
RS,46,2020-11-08,1563,20888,10410,52408,31212,73296,43185,-30111,0,436,0,1099,0,1535,0,-1535
RS,47,2020-11-15,1563,21287,10410,53487,31212,74774,43185,-31589,0,399,0,1079,0,1478,0,-1478
RS,48,2020-11-22,1563,21693,10410,54577,31212,76270,43185,-33085,0,406,0,1090,0,1496,0,-1496
RS,49,2020-11-29,1563,22058,10410,55687,31212,77745,43185,-34560,0,365,0,1110,0,1475,0,-1475
RS,50,2020-12-06,1563,22471,10410,56787,31212,79258,43185,-36073,0,413,0,1100,0,1513,0,-1513
RS,51,2020-12-13,1563,22850,10410,57897,31212,80747,43185,-37562,0,379,0,1110,0,1489,0,-1489
RS,52,2020-12-20,1563,23238,10410,58991,31212,82229,43185,-39044,0,388,0,1094,0,1482,0,-1482
RS,53,2020-12-27,1563,23572,10410,59870,31212,83442,43185,-40257,0,334,0,879,0,1213,0,-1213
SC,1,2020-01-01,0,109,100,325,295,434,395,-39,0,109,100,325,295,434,395,-39
SC,2,2020-01-05,0,313,278,826,837,1139,1115,-24,0,204,178,501,542,705,720,15
SC,3,2020-01-12,0,505,440,1312,1335,1817,1775,-42,0,192,162,486,498,678,660,-18
SC,4,2020-01-19,0,657,614,1762,1850,2419,2464,45,0,152,174,450,515,602,689,87
SC,5,2020-01-26,0,843,782,2314,2333,3157,3115,-42,0,186,168,552,483,738,651,-87
SC,6,2020-02-02,0,1009,962,2858,2830,3867,3792,-75,0,166,180,544,497,710,677,-33
SC,7,2020-02-09,0,1220,1139,3364,3310,4584,4449,-135,0,211,177,506,480,717,657,-60
SC,8,2020-02-16,0,1394,1329,3853,3830,5247,5159,-88,0,174,190,489,520,663,710,47
SC,9,2020-02-23,0,1536,1509,4298,4309,5834,5818,-16,0,142,180,445,479,587,659,72
SC,10,2020-03-01,0,1726,1685,4831,4808,6557,6493,-64,0,190,176,533,499,723,675,-48
SC,11,2020-03-08,0,1912,1863,5325,5322,7237,7185,-52,0,186,178,494,514,680,692,12
SC,12,2020-03-15,0,2109,2089,5803,5863,7912,7952,40,0,197,226,478,541,675,767,92
SC,13,2020-03-22,2,2299,2279,6261,6366,8560,8647,87,2,190,190,458,503,648,695,47
SC,14,2020-03-29,17,2490,2444,6731,6888,9221,9349,128,15,191,165,470,522,661,702,41
SC,15,2020-04-05,32,2657,2622,7218,7350,9875,10004,129,15,167,178,487,462,654,655,1
SC,16,2020-04-12,51,2859,2771,7720,7825,10579,10647,68,19,202,149,502,475,704,643,-61
SC,17,2020-04-19,66,3042,2920,8185,8342,11227,11328,101,15,183,149,465,517,648,681,33
SC,18,2020-04-26,80,3257,3100,8670,8831,11927,12011,84,14,215,180,485,489,700,683,-17
SC,19,2020-05-03,99,3434,3249,9187,9324,12621,12672,51,19,177,149,517,493,694,661,-33
SC,20,2020-05-10,124,3634,3419,9681,9803,13315,13346,31,25,200,170,494,479,694,674,-20
SC,21,2020-05-17,157,3846,3555,10207,10337,14053,14049,-4,33,212,136,526,534,738,703,-35
SC,22,2020-05-24,204,4051,3701,10747,10803,14798,14708,-90,47,205,146,540,466,745,659,-86
SC,23,2020-05-31,249,4228,3840,11285,11367,15513,15456,-57,45,177,139,538,564,715,748,33
SC,24,2020-06-07,284,4490,4000,11821,11909,16311,16193,-118,35,262,160,536,542,798,737,-61
SC,25,2020-06-14,333,4734,4159,12328,12462,17062,16954,-108,49,244,159,507,553,751,761,10
SC,26,2020-06-21,403,4965,4341,12871,12938,17836,17682,-154,70,231,182,543,476,774,728,-46
SC,27,2020-06-28,499,5234,4513,13399,13514,18633,18526,-107,96,269,172,528,576,797,844,47
SC,28,2020-07-05,600,5530,4679,14057,14044,19587,19323,-264,101,296,166,658,530,954,797,-157
SC,29,2020-07-12,713,5795,4794,14648,14385,20443,19892,-551,113,265,115,591,341,856,569,-287
SC,30,2020-07-19,734,6061,4806,15249,14441,21310,19981,-1329,21,266,12,601,56,867,89,-778
SC,31,2020-07-26,734,6324,4806,15780,14441,22104,19981,-2123,0,263,0,531,0,794,0,-794
SC,32,2020-08-02,734,6579,4806,16337,14441,22916,19981,-2935,0,255,0,557,0,812,0,-812
SC,33,2020-08-09,734,6835,4806,16904,14441,23739,19981,-3758,0,256,0,567,0,823,0,-823
SC,34,2020-08-16,734,7056,4806,17442,14441,24498,19981,-4517,0,221,0,538,0,759,0,-759
SC,35,2020-08-23,734,7289,4806,18011,14441,25300,19981,-5319,0,233,0,569,0,802,0,-802
SC,36,2020-08-30,734,7521,4806,18549,14441,26070,19981,-6089,0,232,0,538,0,770,0,-770
SC,37,2020-09-06,734,7774,4806,19140,14441,26914,19981,-6933,0,253,0,591,0,844,0,-844
SC,38,2020-09-13,734,8022,4806,19668,14441,27690,19981,-7709,0,248,0,528,0,776,0,-776
SC,39,2020-09-20,734,8244,4806,20203,14441,28447,19981,-8466,0,222,0,535,0,757,0,-757
SC,40,2020-09-27,734,8478,4806,20724,14441,29202,19981,-9221,0,234,0,521,0,755,0,-755
SC,41,2020-10-04,734,8703,4806,21260,14441,29963,19981,-9982,0,225,0,536,0,761,0,-761
SC,42,2020-10-11,734,8942,4806,21758,14441,30700,19981,-10719,0,239,0,498,0,737,0,-737
SC,43,2020-10-18,734,9171,4806,22279,14441,31450,19981,-11469,0,229,0,521,0,750,0,-750
SC,44,2020-10-25,734,9372,4806,22772,14441,32144,19981,-12163,0,201,0,493,0,694,0,-694
SC,45,2020-11-01,734,9555,4806,23269,14441,32824,19981,-12843,0,183,0,497,0,680,0,-680
SC,46,2020-11-08,734,9748,4806,23770,14441,33518,19981,-13537,0,193,0,501,0,694,0,-694
SC,47,2020-11-15,734,9950,4806,24291,14441,34241,19981,-14260,0,202,0,521,0,723,0,-723
SC,48,2020-11-22,734,10166,4806,24809,14441,34975,19981,-14994,0,216,0,518,0,734,0,-734
SC,49,2020-11-29,734,10321,4806,25321,14441,35642,19981,-15661,0,155,0,512,0,667,0,-667
SC,50,2020-12-06,734,10514,4806,25824,14441,36338,19981,-16357,0,193,0,503,0,696,0,-696
SC,51,2020-12-13,734,10698,4806,26310,14441,37008,19981,-17027,0,184,0,486,0,670,0,-670
SC,52,2020-12-20,734,10883,4806,26817,14441,37700,19981,-17719,0,185,0,507,0,692,0,-692
SC,53,2020-12-27,734,11014,4806,27193,14441,38207,19981,-18226,0,131,0,376,0,507,0,-507
SE,1,2020-01-01,0,33,32,106,92,139,124,-15,0,33,32,106,92,139,124,-15
SE,2,2020-01-05,0,73,73,254,241,327,314,-13,0,40,41,148,149,188,190,2
SE,3,2020-01-12,0,126,121,396,401,522,522,0,0,53,48,142,160,195,208,13
SE,4,2020-01-19,0,171,174,545,551,716,725,9,0,45,53,149,150,194,203,9
SE,5,2020-01-26,0,223,240,692,711,915,951,36,0,52,66,147,160,199,226,27
SE,6,2020-02-02,0,287,288,854,882,1141,1170,29,0,64,48,162,171,226,219,-7
SE,7,2020-02-09,0,337,351,1011,1015,1348,1366,18,0,50,63,157,133,207,196,-11
SE,8,2020-02-16,0,378,411,1165,1156,1543,1567,24,0,41,60,154,141,195,201,6
SE,9,2020-02-23,0,432,467,1322,1291,1754,1758,4,0,54,56,157,135,211,191,-20
SE,10,2020-03-01,0,473,530,1452,1422,1925,1952,27,0,41,63,130,131,171,194,23
SE,11,2020-03-08,0,520,589,1631,1566,2151,2155,4,0,47,59,179,144,226,203,-23
SE,12,2020-03-15,0,568,652,1803,1734,2371,2386,15,0,48,63,172,168,220,231,11
SE,13,2020-03-22,0,612,706,1974,1894,2586,2600,14,0,44,54,171,160,215,214,-1
SE,14,2020-03-29,2,669,771,2142,2056,2811,2829,18,2,57,65,168,162,225,229,4
SE,15,2020-04-05,3,720,822,2295,2200,3015,3025,10,1,51,51,153,144,204,196,-8
SE,16,2020-04-12,5,781,874,2454,2350,3235,3229,-6,2,61,52,159,150,220,204,-16
SE,17,2020-04-19,9,842,923,2618,2491,3460,3423,-37,4,61,49,164,141,225,194,-31
SE,18,2020-04-26,11,886,963,2781,2639,3667,3613,-54,2,44,40,163,148,207,190,-17
SE,19,2020-05-03,26,935,1015,2952,2778,3887,3819,-68,15,49,52,171,139,220,206,-14
SE,20,2020-05-10,47,988,1066,3141,2928,4129,4041,-88,21,53,51,189,150,242,222,-20
SE,21,2020-05-17,78,1056,1110,3308,3086,4364,4274,-90,31,68,44,167,158,235,233,-2
SE,22,2020-05-24,139,1117,1157,3461,3261,4578,4557,-21,61,61,47,153,175,214,283,69
SE,23,2020-05-31,210,1174,1199,3631,3419,4805,4828,23,71,57,42,170,158,227,271,44
SE,24,2020-06-07,297,1240,1244,3814,3570,5054,5111,57,87,66,45,183,151,249,283,34
SE,25,2020-06-14,398,1300,1283,3977,3717,5277,5398,121,101,60,39,163,147,223,287,64
SE,26,2020-06-21,526,1362,1326,4157,3897,5519,5749,230,128,62,43,180,180,242,351,109
SE,27,2020-06-28,666,1418,1370,4327,4036,5745,6072,327,140,56,44,170,139,226,323,97
SE,28,2020-07-05,780,1482,1415,4497,4157,5979,6352,373,114,64,45,170,121,234,280,46
SE,29,2020-07-12,816,1556,1435,4662,4213,6218,6464,246,36,74,20,165,56,239,112,-127
SE,30,2020-07-19,819,1616,1436,4842,4218,6458,6473,15,3,60,1,180,5,240,9,-231
SE,31,2020-07-26,819,1659,1436,5014,4218,6673,6473,-200,0,43,0,172,0,215,0,-215
SE,32,2020-08-02,819,1714,1436,5174,4218,6888,6473,-415,0,55,0,160,0,215,0,-215
SE,33,2020-08-09,819,1767,1436,5328,4218,7095,6473,-622,0,53,0,154,0,207,0,-207
SE,34,2020-08-16,819,1812,1436,5511,4218,7323,6473,-850,0,45,0,183,0,228,0,-228
SE,35,2020-08-23,819,1865,1436,5666,4218,7531,6473,-1058,0,53,0,155,0,208,0,-208
SE,36,2020-08-30,819,1909,1436,5847,4218,7756,6473,-1283,0,44,0,181,0,225,0,-225
SE,37,2020-09-06,819,1958,1436,5996,4218,7954,6473,-1481,0,49,0,149,0,198,0,-198
SE,38,2020-09-13,819,2009,1436,6149,4218,8158,6473,-1685,0,51,0,153,0,204,0,-204
SE,39,2020-09-20,819,2040,1436,6308,4218,8348,6473,-1875,0,31,0,159,0,190,0,-190
SE,40,2020-09-27,819,2090,1436,6461,4218,8551,6473,-2078,0,50,0,153,0,203,0,-203
SE,41,2020-10-04,819,2138,1436,6624,4218,8762,6473,-2289,0,48,0,163,0,211,0,-211
SE,42,2020-10-11,819,2186,1436,6773,4218,8959,6473,-2486,0,48,0,149,0,197,0,-197
SE,43,2020-10-18,819,2241,1436,6919,4218,9160,6473,-2687,0,55,0,146,0,201,0,-201
SE,44,2020-10-25,819,2286,1436,7069,4218,9355,6473,-2882,0,45,0,150,0,195,0,-195
SE,45,2020-11-01,819,2336,1436,7205,4218,9541,6473,-3068,0,50,0,136,0,186,0,-186
SE,46,2020-11-08,819,2375,1436,7348,4218,9723,6473,-3250,0,39,0,143,0,182,0,-182
SE,47,2020-11-15,819,2418,1436,7466,4218,9884,6473,-3411,0,43,0,118,0,161,0,-161
SE,48,2020-11-22,819,2476,1436,7609,4218,10085,6473,-3612,0,58,0,143,0,201,0,-201
SE,49,2020-11-29,819,2525,1436,7737,4218,10262,6473,-3789,0,49,0,128,0,177,0,-177
SE,50,2020-12-06,819,2581,1436,7908,4218,10489,6473,-4016,0,56,0,171,0,227,0,-227
SE,51,2020-12-13,819,2635,1436,8043,4218,10678,6473,-4205,0,54,0,135,0,189,0,-189
SE,52,2020-12-20,819,2679,1436,8183,4218,10862,6473,-4389,0,44,0,140,0,184,0,-184
SE,53,2020-12-27,819,2710,1436,8277,4218,10987,6473,-4514,0,31,0,94,0,125,0,-125
SP,1,2020-01-01,0,1050,1084,2159,2234,3209,3318,109,0,1050,1084,2159,2234,3209,3318,109
SP,2,2020-01-05,0,2875,2868,5862,5980,8737,8848,111,0,1825,1784,3703,3746,5528,5530,2
SP,3,2020-01-12,0,4725,4607,9584,9749,14309,14356,47,0,1850,1739,3722,3769,5572,5508,-64
SP,4,2020-01-19,0,6526,6272,13496,13424,20022,19696,-326,0,1801,1665,3912,3675,5713,5340,-373
SP,5,2020-01-26,0,8273,8030,17250,17334,25523,25364,-159,0,1747,1758,3754,3910,5501,5668,167
SP,6,2020-02-02,0,10055,9658,21073,20966,31128,30624,-504,0,1782,1628,3823,3632,5605,5260,-345
SP,7,2020-02-09,0,11732,11266,24809,24713,36541,35979,-562,0,1677,1608,3736,3747,5413,5355,-58
SP,8,2020-02-16,0,13361,13077,28509,28575,41870,41652,-218,0,1629,1811,3700,3862,5329,5673,344
SP,9,2020-02-23,0,14800,14855,31586,32372,46386,47227,841,0,1439,1778,3077,3797,4516,5575,1059
SP,10,2020-03-01,0,16541,16575,35140,36152,51681,52727,1046,0,1741,1720,3554,3780,5295,5500,205
SP,11,2020-03-08,0,18363,18501,38852,40057,57215,58558,1343,0,1822,1926,3712,3905,5534,5831,297
SP,12,2020-03-15,48,20217,20618,42642,44042,62859,64708,1849,48,1854,2117,3790,3985,5644,6150,506
SP,13,2020-03-22,309,22004,22588,46422,47837,68426,70734,2308,261,1787,1970,3780,3795,5567,6026,459
SP,14,2020-03-29,808,23761,24523,50155,51610,73916,76941,3025,499,1757,1935,3733,3773,5490,6207,717
SP,15,2020-04-05,1461,25548,26322,53902,55348,79450,83131,3681,653,1787,1799,3747,3738,5534,6190,656
SP,16,2020-04-12,2116,27394,28088,57590,59010,84984,89214,4230,655,1846,1766,3688,3662,5534,6083,549
SP,17,2020-04-19,2914,29240,29792,61570,62736,90810,95442,4632,798,1846,1704,3980,3726,5826,6228,402
SP,18,2020-04-26,4029,31165,31514,65411,66588,96576,102131,5555,1115,1925,1722,3841,3852,5766,6689,923
SP,19,2020-05-03,5251,33125,33202,69335,70393,102460,108846,6386,1222,1960,1688,3924,3805,5884,6715,831
SP,20,2020-05-10,6676,34983,34879,73346,74448,108329,116003,7674,1425,1858,1677,4011,4055,5869,7157,1288
SP,21,2020-05-17,8308,36927,36593,77391,78391,114318,123292,8974,1632,1944,1714,4045,3943,5989,7289,1300
SP,22,2020-05-24,10008,39013,38293,81601,82625,120614,130926,10312,1700,2086,1700,4210,4234,6296,7634,1338
SP,23,2020-05-31,11773,41139,40126,85813,86729,126952,138628,11676,1765,2126,1833,4212,4104,6338,7702,1364
SP,24,2020-06-07,13688,43599,41802,90140,90815,133739,146305,12566,1915,2460,1676,4327,4086,6787,7677,890
SP,25,2020-06-14,15573,46068,43420,94347,94615,140415,153608,13193,1885,2469,1618,4207,3800,6676,7303,627
SP,26,2020-06-21,17379,48463,44935,98442,98372,146905,160686,13781,1806,2395,1515,4095,3757,6490,7078,588
SP,27,2020-06-28,19140,50836,46390,102568,102261,153404,167791,14387,1761,2373,1455,4126,3889,6499,7105,606
SP,28,2020-07-05,20898,53205,47934,106960,106176,160165,175008,14843,1758,2369,1544,4392,3915,6761,7217,456
SP,29,2020-07-12,22094,55553,48903,111402,108555,166955,179552,12597,1196,2348,969,4442,2379,6790,4544,-2246
SP,30,2020-07-19,22175,57804,49001,115598,108774,173402,179950,6548,81,2251,98,4196,219,6447,398,-6049
SP,31,2020-07-26,22175,59998,49001,119607,108774,179605,179950,345,0,2194,0,4009,0,6203,0,-6203
SP,32,2020-08-02,22175,62171,49001,123775,108774,185946,179950,-5996,0,2173,0,4168,0,6341,0,-6341
SP,33,2020-08-09,22175,64176,49001,127818,108774,191994,179950,-12044,0,2005,0,4043,0,6048,0,-6048
SP,34,2020-08-16,22175,66119,49001,131762,108774,197881,179950,-17931,0,1943,0,3944,0,5887,0,-5887
SP,35,2020-08-23,22175,68071,49001,135702,108774,203773,179950,-23823,0,1952,0,3940,0,5892,0,-5892
SP,36,2020-08-30,22175,70106,49001,139665,108774,209771,179950,-29821,0,2035,0,3963,0,5998,0,-5998
SP,37,2020-09-06,22175,72171,49001,143825,108774,215996,179950,-36046,0,2065,0,4160,0,6225,0,-6225
SP,38,2020-09-13,22175,74222,49001,147859,108774,222081,179950,-42131,0,2051,0,4034,0,6085,0,-6085
SP,39,2020-09-20,22175,76107,49001,151580,108774,227687,179950,-47737,0,1885,0,3721,0,5606,0,-5606
SP,40,2020-09-27,22175,77899,49001,155399,108774,233298,179950,-53348,0,1792,0,3819,0,5611,0,-5611
SP,41,2020-10-04,22175,79736,49001,159135,108774,238871,179950,-58921,0,1837,0,3736,0,5573,0,-5573
SP,42,2020-10-11,22175,81567,49001,162962,108774,244529,179950,-64579,0,1831,0,3827,0,5658,0,-5658
SP,43,2020-10-18,22175,83390,49001,166714,108774,250104,179950,-70154,0,1823,0,3752,0,5575,0,-5575
SP,44,2020-10-25,22175,85220,49001,170502,108774,255722,179950,-75772,0,1830,0,3788,0,5618,0,-5618
SP,45,2020-11-01,22175,87049,49001,174334,108774,261383,179950,-81433,0,1829,0,3832,0,5661,0,-5661
SP,46,2020-11-08,22175,88799,49001,177891,108774,266690,179950,-86740,0,1750,0,3557,0,5307,0,-5307
SP,47,2020-11-15,22175,90398,49001,181544,108774,271942,179950,-91992,0,1599,0,3653,0,5252,0,-5252
SP,48,2020-11-22,22175,92118,49001,185205,108774,277323,179950,-97373,0,1720,0,3661,0,5381,0,-5381
SP,49,2020-11-29,22175,93843,49001,188966,108774,282809,179950,-102859,0,1725,0,3761,0,5486,0,-5486
SP,50,2020-12-06,22175,95503,49001,192762,108774,288265,179950,-108315,0,1660,0,3796,0,5456,0,-5456
SP,51,2020-12-13,22175,97158,49001,196751,108774,293909,179950,-113959,0,1655,0,3989,0,5644,0,-5644
SP,52,2020-12-20,22175,98962,49001,200677,108774,299639,179950,-119689,0,1804,0,3926,0,5730,0,-5730
SP,53,2020-12-27,22175,100230,49001,203355,108774,303585,179950,-123635,0,1268,0,2678,0,3946,0,-3946
TO,1,2020-01-01,0,14,19,51,49,65,68,3,0,14,19,51,49,65,68,3
TO,2,2020-01-05,0,39,43,114,106,153,149,-4,0,25,24,63,57,88,81,-7
TO,3,2020-01-12,0,59,77,176,181,235,258,23,0,20,34,62,75,82,109,27
TO,4,2020-01-19,0,86,98,253,243,339,341,2,0,27,21,77,62,104,83,-21
TO,5,2020-01-26,0,110,122,318,297,428,419,-9,0,24,24,65,54,89,78,-11
TO,6,2020-02-02,0,136,150,390,351,526,501,-25,0,26,28,72,54,98,82,-16
TO,7,2020-02-09,0,158,179,461,425,619,604,-15,0,22,29,71,74,93,103,10
TO,8,2020-02-16,0,179,210,523,500,702,710,8,0,21,31,62,75,83,106,23
TO,9,2020-02-23,0,193,240,586,566,779,806,27,0,14,30,63,66,77,96,19
TO,10,2020-03-01,0,215,261,652,622,867,883,16,0,22,21,66,56,88,77,-11
TO,11,2020-03-08,0,230,287,706,700,936,987,51,0,15,26,54,78,69,104,35
TO,12,2020-03-15,0,255,319,768,764,1023,1083,60,0,25,32,62,64,87,96,9
TO,13,2020-03-22,0,282,340,829,833,1111,1173,62,0,27,21,61,69,88,90,2
TO,14,2020-03-29,0,315,366,889,904,1204,1270,66,0,33,26,60,71,93,97,4
TO,15,2020-04-05,0,341,381,957,963,1298,1344,46,0,26,15,68,59,94,74,-20
TO,16,2020-04-12,1,379,409,1015,1016,1394,1426,32,1,38,28,58,53,96,82,-14
TO,17,2020-04-19,1,410,424,1096,1074,1506,1499,-7,0,31,15,81,58,112,73,-39
TO,18,2020-04-26,4,437,452,1187,1136,1624,1592,-32,3,27,28,91,62,118,93,-25
TO,19,2020-05-03,7,471,467,1255,1199,1726,1673,-53,3,34,15,68,63,102,81,-21
TO,20,2020-05-10,23,506,490,1328,1266,1834,1779,-55,16,35,23,73,67,108,106,-2
TO,21,2020-05-17,36,534,511,1395,1328,1929,1875,-54,13,28,21,67,62,95,96,1
TO,22,2020-05-24,52,563,529,1469,1394,2032,1975,-57,16,29,18,74,66,103,100,-3
TO,23,2020-05-31,68,588,553,1537,1460,2125,2081,-44,16,25,24,68,66,93,106,13
TO,24,2020-06-07,85,616,576,1597,1521,2213,2182,-31,17,28,23,60,61,88,101,13
TO,25,2020-06-14,105,637,599,1675,1586,2312,2290,-22,20,21,23,78,65,99,108,9
TO,26,2020-06-21,117,657,622,1750,1646,2407,2385,-22,12,20,23,75,60,95,95,0
TO,27,2020-06-28,132,675,653,1818,1714,2493,2499,6,15,18,31,68,68,86,114,28
TO,28,2020-07-05,152,692,682,1876,1777,2568,2611,43,20,17,29,58,63,75,112,37
TO,29,2020-07-12,168,717,697,1961,1819,2678,2684,6,16,25,15,85,42,110,73,-37
TO,30,2020-07-19,171,745,701,2037,1824,2782,2696,-86,3,28,4,76,5,104,12,-92
TO,31,2020-07-26,171,768,701,2115,1824,2883,2696,-187,0,23,0,78,0,101,0,-101
TO,32,2020-08-02,171,786,701,2172,1824,2958,2696,-262,0,18,0,57,0,75,0,-75
TO,33,2020-08-09,171,818,701,2248,1824,3066,2696,-370,0,32,0,76,0,108,0,-108
TO,34,2020-08-16,171,844,701,2314,1824,3158,2696,-462,0,26,0,66,0,92,0,-92
TO,35,2020-08-23,171,873,701,2385,1824,3258,2696,-562,0,29,0,71,0,100,0,-100
TO,36,2020-08-30,171,889,701,2451,1824,3340,2696,-644,0,16,0,66,0,82,0,-82
TO,37,2020-09-06,171,921,701,2510,1824,3431,2696,-735,0,32,0,59,0,91,0,-91
TO,38,2020-09-13,171,958,701,2584,1824,3542,2696,-846,0,37,0,74,0,111,0,-111
TO,39,2020-09-20,171,984,701,2657,1824,3641,2696,-945,0,26,0,73,0,99,0,-99
TO,40,2020-09-27,171,1012,701,2730,1824,3742,2696,-1046,0,28,0,73,0,101,0,-101
TO,41,2020-10-04,171,1047,701,2791,1824,3838,2696,-1142,0,35,0,61,0,96,0,-96
TO,42,2020-10-11,171,1070,701,2858,1824,3928,2696,-1232,0,23,0,67,0,90,0,-90
TO,43,2020-10-18,171,1084,701,2928,1824,4012,2696,-1316,0,14,0,70,0,84,0,-84
TO,44,2020-10-25,171,1118,701,2989,1824,4107,2696,-1411,0,34,0,61,0,95,0,-95
TO,45,2020-11-01,171,1147,701,3063,1824,4210,2696,-1514,0,29,0,74,0,103,0,-103
TO,46,2020-11-08,171,1167,701,3121,1824,4288,2696,-1592,0,20,0,58,0,78,0,-78
TO,47,2020-11-15,171,1193,701,3196,1824,4389,2696,-1693,0,26,0,75,0,101,0,-101
TO,48,2020-11-22,171,1232,701,3261,1824,4493,2696,-1797,0,39,0,65,0,104,0,-104
TO,49,2020-11-29,171,1270,701,3340,1824,4610,2696,-1914,0,38,0,79,0,117,0,-117
TO,50,2020-12-06,171,1293,701,3412,1824,4705,2696,-2009,0,23,0,72,0,95,0,-95
TO,51,2020-12-13,171,1331,701,3485,1824,4816,2696,-2120,0,38,0,73,0,111,0,-111
TO,52,2020-12-20,171,1368,701,3558,1824,4926,2696,-2230,0,37,0,73,0,110,0,-110
TO,53,2020-12-27,171,1388,701,3609,1824,4997,2696,-2301,0,20,0,51,0,71,0,-71
